stationId,timestamp,timestampDate,value,unit,parameterNo,parameterName
11799,2026-01-18T11:30:00.000Z,2026-01-18 11:30:00,7.94,---,pH,pH
11788,2026-01-18T11:30:00.000Z,2026-01-18 11:30:00,15.49,°C,WT,Water Temperature
11811,2026-01-18T11:30:00.000Z,2026-01-18 11:30:00,3.35,mg/l,BOD,Biochemical Oxygen Demand
11805,2026-01-18T11:30:00.000Z,2026-01-18 11:30:00,3.0,mg/l,BOD,Biochemical Oxygen Demand
11799,2026-01-18T11:30:00.000Z,2026-01-18 11:30:00,0.92,m,Depth,Depth
11803,2026-01-18T11:30:00.000Z,2026-01-18 11:30:00,4.37,mg/l,BOD,Biochemical Oxygen Demand
11810,2025-11-02T02:30:00.000Z,2025-11-02 02:30:00,17.43,mg/l,CL,Chloride
11793,2026-01-18T11:30:00.000Z,2026-01-18 11:30:00,1.55,mg/l,NO3,Nitrate
11822,2026-01-18T11:30:00.000Z,2026-01-18 11:30:00,17.82,°C,WT,Water Temperature
11793,2026-01-18T11:30:00.000Z,2026-01-18 11:30:00,1407.5,mS/cm,EC,Conductivity
11811,2026-01-18T11:30:00.000Z,2026-01-18 11:30:00,55.16,m above MSL,S,Water Level
11815,2026-01-18T11:30:00.000Z,2026-01-18 11:30:00,42.8,NTU,WTb,Water Turbidity
11795,2026-01-18T11:30:00.000Z,2026-01-18 11:30:00,39.89,NTU,WTb,Water Turbidity
11815,2026-01-18T11:30:00.000Z,2026-01-18 11:30:00,16.95,°C,WT,Water Temperature
11795,2026-01-18T11:30:00.000Z,2026-01-18 11:30:00,15.6,°C,WT,Water Temperature
11807,2026-01-18T11:30:00.000Z,2026-01-18 11:30:00,45.86,mg/l,CL,Chloride
11822,2026-01-18T11:30:00.000Z,2026-01-18 11:30:00,6.74,mg/l,TOC,Total Organic Carbon
11799,2026-01-18T11:30:00.000Z,2026-01-18 11:30:00,2.59,mg/l,NO3,Nitrate
11788,2026-01-18T11:30:00.000Z,2026-01-18 11:30:00,1.0,mg/l,TOC,Total Organic Carbon
11820,2026-01-18T11:30:00.000Z,2026-01-18 11:30:00,8.2,---,pH,pH
11808,2026-01-18T11:30:00.000Z,2026-01-18 11:30:00,8.48,---,pH,pH
11799,2026-01-18T11:30:00.000Z,2026-01-18 11:30:00,541.5,mS/cm,EC,Conductivity
11810,2025-11-02T02:30:00.000Z,2025-11-02 02:30:00,98.65,NTU,WTb,Water Turbidity
11786,2026-01-18T11:30:00.000Z,2026-01-18 11:30:00,1.33,m,Depth,Depth
11804,2026-01-18T11:30:00.000Z,2026-01-18 11:30:00,55.26,NTU,WTb,Water Turbidity
11802,2026-01-18T11:30:00.000Z,2026-01-18 11:30:00,27.15,NTU,WTb,Water Turbidity
11808,2026-01-18T11:30:00.000Z,2026-01-18 11:30:00,38.44,m above MSL,S,Water Level
11793,2026-01-18T11:30:00.000Z,2026-01-18 11:30:00,3.03,mg/l,DO,Dissolved Oxygen
11802,2026-01-18T11:30:00.000Z,2026-01-18 11:30:00,16.6,°C,WT,Water Temperature
11785,2026-01-18T11:30:00.000Z,2026-01-18 11:30:00,5.32,mg/l,CL,Chloride
11793,2026-01-18T11:30:00.000Z,2026-01-18 11:30:00,20.63,mg/l,COD,Chemical Oxygen Demand
11820,2026-01-18T11:30:00.000Z,2026-01-18 11:30:00,0.3,mg/l,NO3,Nitrate
11821,2026-01-18T11:30:00.000Z,2026-01-18 11:30:00,640.76,m above MSL,S,Water Level
11808,2026-01-18T11:30:00.000Z,2026-01-18 11:30:00,0.3,mg/l,NO3,Nitrate
11815,2026-01-18T11:30:00.000Z,2026-01-18 11:30:00,5.38,mg/l,TOC,Total Organic Carbon
11795,2026-01-18T11:30:00.000Z,2026-01-18 11:30:00,8.85,mg/l,TOC,Total Organic Carbon
11810,2025-11-02T02:30:00.000Z,2025-11-02 02:30:00,28.13,°C,WT,Water Temperature
11804,2026-01-18T11:30:00.000Z,2026-01-18 11:30:00,17.14,°C,WT,Water Temperature
11799,2026-01-18T11:30:00.000Z,2026-01-18 11:30:00,5.3,mg/l,DO,Dissolved Oxygen
11806,2026-01-18T11:30:00.000Z,2026-01-18 11:30:00,1.01,m,Depth,Depth
11820,2026-01-18T11:30:00.000Z,2026-01-18 11:30:00,384.3,mS/cm,EC,Conductivity
11784,2026-01-18T11:30:00.000Z,2026-01-18 11:30:00,21.52,NTU,WTb,Water Turbidity
11808,2026-01-18T11:30:00.000Z,2026-01-18 11:30:00,513.4,mS/cm,EC,Conductivity
11799,2026-01-18T11:30:00.000Z,2026-01-18 11:30:00,9.49,mg/l,COD,Chemical Oxygen Demand
11812,2026-01-18T11:30:00.000Z,2026-01-18 11:30:00,0.85,m,Depth,Depth
11788,2026-01-18T11:30:00.000Z,2026-01-18 11:30:00,8.27,---,pH,pH
11810,2025-11-02T02:30:00.000Z,2025-11-02 02:30:00,3.47,mg/l,TOC,Total Organic Carbon
11784,2026-01-18T11:30:00.000Z,2026-01-18 11:30:00,18.37,°C,WT,Water Temperature
11804,2026-01-18T11:30:00.000Z,2026-01-18 11:30:00,1.0,mg/l,TOC,Total Organic Carbon
11802,2026-01-18T11:30:00.000Z,2026-01-18 11:30:00,8.32,mg/l,TOC,Total Organic Carbon
11793,2026-01-18T11:30:00.000Z,2026-01-18 11:30:00,4.85,mg/l,BOD,Biochemical Oxygen Demand
11818,2026-01-18T11:30:00.000Z,2026-01-18 11:30:00,194.67,m above MSL,S,Water Level
11822,2026-01-18T11:30:00.000Z,2026-01-18 11:30:00,8.31,---,pH,pH
11813,2026-01-18T11:30:00.000Z,2026-01-18 11:30:00,50.42,mg/l,CL,Chloride
11820,2026-01-18T11:30:00.000Z,2026-01-18 11:30:00,8.13,mg/l,DO,Dissolved Oxygen
11808,2026-01-18T11:30:00.000Z,2026-01-18 11:30:00,8.26,mg/l,DO,Dissolved Oxygen
11815,2026-01-18T11:30:00.000Z,2026-01-18 11:30:00,8.39,---,pH,pH
11795,2026-01-18T11:30:00.000Z,2026-01-18 11:30:00,8.27,---,pH,pH
11822,2026-01-18T11:30:00.000Z,2026-01-18 11:30:00,0.3,mg/l,NO3,Nitrate
11817,2026-01-18T11:30:00.000Z,2026-01-18 11:30:00,16.68,m above MSL,S,Water Level
11799,2026-01-18T11:30:00.000Z,2026-01-18 11:30:00,2.96,mg/l,BOD,Biochemical Oxygen Demand
11784,2026-01-18T11:30:00.000Z,2026-01-18 11:30:00,2.81,mg/l,TOC,Total Organic Carbon
11788,2026-01-18T11:30:00.000Z,2026-01-18 11:30:00,0.3,mg/l,NO3,Nitrate
11800,2026-01-18T11:30:00.000Z,2026-01-18 11:30:00,100.48,m above MSL,S,Water Level
11820,2026-01-18T11:30:00.000Z,2026-01-18 11:30:00,11.17,mg/l,COD,Chemical Oxygen Demand
11808,2026-01-18T11:30:00.000Z,2026-01-18 11:30:00,16.68,mg/l,COD,Chemical Oxygen Demand
11788,2026-01-18T11:30:00.000Z,2026-01-18 11:30:00,218.14,mS/cm,EC,Conductivity
11803,2026-01-18T11:30:00.000Z,2026-01-18 11:30:00,0.93,m,Depth,Depth
11814,2026-01-18T11:30:00.000Z,2026-01-18 11:30:00,46.42,mg/l,CL,Chloride
11792,2022-10-04T07:30:00.000Z,2022-10-04 07:30:00,0.0,NTU,WTb,Water Turbidity
11799,2026-01-18T11:30:00.000Z,2026-01-18 11:30:00,49.72,mg/l,CL,Chloride
11822,2026-01-18T11:30:00.000Z,2026-01-18 11:30:00,512.9,mS/cm,EC,Conductivity
11802,2026-01-18T11:30:00.000Z,2026-01-18 11:30:00,8.41,---,pH,pH
11792,2022-10-04T07:30:00.000Z,2022-10-04 07:30:00,0.0,°C,WT,Water Temperature
11820,2026-01-18T11:30:00.000Z,2026-01-18 11:30:00,2.35,mg/l,BOD,Biochemical Oxygen Demand
11796,2026-01-18T11:30:00.000Z,2026-01-18 11:30:00,67.31,mg/l,CL,Chloride
11808,2026-01-18T11:30:00.000Z,2026-01-18 11:30:00,3.92,mg/l,BOD,Biochemical Oxygen Demand
11815,2026-01-18T11:30:00.000Z,2026-01-18 11:30:00,0.3,mg/l,NO3,Nitrate
11795,2026-01-18T11:30:00.000Z,2026-01-18 11:30:00,2.89,mg/l,NO3,Nitrate
11810,2025-11-02T02:30:00.000Z,2025-11-02 02:30:00,7.87,---,pH,pH
11804,2026-01-18T11:30:00.000Z,2026-01-18 11:30:00,9.58,---,pH,pH
11815,2026-01-18T11:30:00.000Z,2026-01-18 11:30:00,24.36,m above MSL,S,Water Level
11815,2026-01-18T11:30:00.000Z,2026-01-18 11:30:00,378.43,mS/cm,EC,Conductivity
11795,2026-01-18T11:30:00.000Z,2026-01-18 11:30:00,852.9,mS/cm,EC,Conductivity
11822,2026-01-18T11:30:00.000Z,2026-01-18 11:30:00,10.77,mg/l,DO,Dissolved Oxygen
11817,2026-01-18T11:30:00.000Z,2026-01-18 11:30:00,28.42,mg/l,CL,Chloride
11798,2026-01-18T11:30:00.000Z,2026-01-18 11:30:00,33.21,NTU,WTb,Water Turbidity
11788,2026-01-18T11:30:00.000Z,2026-01-18 11:30:00,10.39,mg/l,DO,Dissolved Oxygen
11818,2026-01-18T11:30:00.000Z,2026-01-18 11:30:00,0.96,m,Depth,Depth
11822,2026-01-18T11:30:00.000Z,2026-01-18 11:30:00,1.07,m,Depth,Depth
11784,2026-01-18T11:30:00.000Z,2026-01-18 11:30:00,8.26,---,pH,pH
11788,2026-01-18T11:30:00.000Z,2026-01-18 11:30:00,5.0,mg/l,COD,Chemical Oxygen Demand
11798,2026-01-18T11:30:00.000Z,2026-01-18 11:30:00,15.36,°C,WT,Water Temperature
11810,2025-11-02T02:30:00.000Z,2025-11-02 02:30:00,0.3,mg/l,NO3,Nitrate
11804,2026-01-18T11:30:00.000Z,2026-01-18 11:30:00,0.3,mg/l,NO3,Nitrate
11802,2026-01-18T11:30:00.000Z,2026-01-18 11:30:00,2.06,mg/l,NO3,Nitrate
11792,2022-10-04T07:30:00.000Z,2022-10-04 07:30:00,0.0,mg/l,TOC,Total Organic Carbon
11822,2026-01-18T11:30:00.000Z,2026-01-18 11:30:00,12.83,mg/l,COD,Chemical Oxygen Demand
11797,2026-01-18T11:30:00.000Z,2026-01-18 11:30:00,69.82,m above MSL,S,Water Level
11802,2026-01-18T11:30:00.000Z,2026-01-18 11:30:00,778.8,mS/cm,EC,Conductivity
11813,2026-01-18T11:30:00.000Z,2026-01-18 11:30:00,38.08,NTU,WTb,Water Turbidity
11814,2026-01-18T11:30:00.000Z,2026-01-18 11:30:00,4.37,m,Depth,Depth
11807,2026-01-18T11:30:00.000Z,2026-01-18 11:30:00,40.99,NTU,WTb,Water Turbidity
11815,2026-01-18T11:30:00.000Z,2026-01-18 11:30:00,10.67,mg/l,DO,Dissolved Oxygen
11795,2026-01-18T11:30:00.000Z,2026-01-18 11:30:00,7.51,mg/l,DO,Dissolved Oxygen
11810,2025-11-02T02:30:00.000Z,2025-11-02 02:30:00,247.8,mS/cm,EC,Conductivity
11804,2026-01-18T11:30:00.000Z,2026-01-18 11:30:00,374.97,mS/cm,EC,Conductivity
11805,2026-01-18T11:30:00.000Z,2026-01-18 11:30:00,55.36,m above MSL,S,Water Level
11815,2026-01-18T11:30:00.000Z,2026-01-18 11:30:00,12.1,mg/l,COD,Chemical Oxygen Demand
11795,2026-01-18T11:30:00.000Z,2026-01-18 11:30:00,16.98,mg/l,COD,Chemical Oxygen Demand
11822,2026-01-18T11:30:00.000Z,2026-01-18 11:30:00,3.09,mg/l,BOD,Biochemical Oxygen Demand
11805,2026-01-18T11:30:00.000Z,2026-01-18 11:30:00,0.97,m,Depth,Depth
11784,2026-01-18T11:30:00.000Z,2026-01-18 11:30:00,0.3,mg/l,NO3,Nitrate
11788,2026-01-18T11:30:00.000Z,2026-01-18 11:30:00,0.5,mg/l,BOD,Biochemical Oxygen Demand
11798,2026-01-18T11:30:00.000Z,2026-01-18 11:30:00,8.07,mg/l,TOC,Total Organic Carbon
11813,2026-01-18T11:30:00.000Z,2026-01-18 11:30:00,18.26,°C,WT,Water Temperature
11807,2026-01-18T11:30:00.000Z,2026-01-18 11:30:00,17.08,°C,WT,Water Temperature
11784,2026-01-18T11:30:00.000Z,2026-01-18 11:30:00,428.78,mS/cm,EC,Conductivity
11789,2026-01-18T11:30:00.000Z,2026-01-18 11:30:00,64.45,NTU,WTb,Water Turbidity
11804,2026-01-18T11:30:00.000Z,2026-01-18 11:30:00,5.0,mg/l,CL,Chloride
11804,2026-01-18T11:30:00.000Z,2026-01-18 11:30:00,9.56,mg/l,DO,Dissolved Oxygen
11802,2026-01-18T11:30:00.000Z,2026-01-18 11:30:00,8.58,mg/l,DO,Dissolved Oxygen
11816,2026-01-18T11:30:00.000Z,2026-01-18 11:30:00,17.27,°C,WT,Water Temperature
11822,2026-01-18T11:30:00.000Z,2026-01-18 11:30:00,37.74,m above MSL,S,Water Level
11785,2026-01-18T11:30:00.000Z,2026-01-18 11:30:00,0.32,m,Depth,Depth
11796,2026-01-18T11:30:00.000Z,2026-01-18 11:30:00,15.8,°C,WT,Water Temperature
11785,2026-01-18T11:30:00.000Z,2026-01-18 11:30:00,1.0,mg/l,TOC,Total Organic Carbon
11800,2026-01-18T11:30:00.000Z,2026-01-18 11:30:00,2.14,mg/l,NO3,Nitrate
11790,2026-01-18T11:30:00.000Z,2026-01-18 11:30:00,13.02,mg/l,TOC,Total Organic Carbon
11786,2026-01-18T11:30:00.000Z,2026-01-18 11:30:00,5.0,mg/l,CL,Chloride
11821,2026-01-18T11:30:00.000Z,2026-01-18 11:30:00,8.52,---,pH,pH
11809,2026-01-18T11:30:00.000Z,2026-01-18 11:30:00,7.84,---,pH,pH
11800,2026-01-18T11:30:00.000Z,2026-01-18 11:30:00,792.75,mS/cm,EC,Conductivity
11790,2026-01-18T11:30:00.000Z,2026-01-18 11:30:00,200.0,mg/l,CL,Chloride
11802,2026-01-18T11:30:00.000Z,2026-01-18 11:30:00,0.73,m,Depth,Depth
11811,2026-01-18T11:30:00.000Z,2026-01-18 11:30:00,142.85,NTU,WTb,Water Turbidity
11805,2026-01-18T11:30:00.000Z,2026-01-18 11:30:00,62.21,NTU,WTb,Water Turbidity
11821,2026-01-18T11:30:00.000Z,2026-01-18 11:30:00,5.0,mg/l,CL,Chloride
11794,2026-01-18T11:30:00.000Z,2026-01-18 11:30:00,3.79,mg/l,DO,Dissolved Oxygen
11791,2022-07-05T10:30:00.000Z,2022-07-05 10:30:00,-0.05,m,Depth,Depth
11794,2026-01-18T11:30:00.000Z,2026-01-18 11:30:00,20.68,mg/l,COD,Chemical Oxygen Demand
11821,2026-01-18T11:30:00.000Z,2026-01-18 11:30:00,0.3,mg/l,NO3,Nitrate
11809,2026-01-18T11:30:00.000Z,2026-01-18 11:30:00,0.3,mg/l,NO3,Nitrate
11816,2026-01-18T11:30:00.000Z,2026-01-18 11:30:00,6.29,mg/l,TOC,Total Organic Carbon
11796,2026-01-18T11:30:00.000Z,2026-01-18 11:30:00,5.24,mg/l,TOC,Total Organic Carbon
11811,2026-01-18T11:30:00.000Z,2026-01-18 11:30:00,17.43,°C,WT,Water Temperature
11818,2026-01-18T11:30:00.000Z,2026-01-18 11:30:00,47.94,mg/l,CL,Chloride
11805,2026-01-18T11:30:00.000Z,2026-01-18 11:30:00,17.3,°C,WT,Water Temperature
11819,2026-01-18T11:30:00.000Z,2026-01-18 11:30:00,61.28,m above MSL,S,Water Level
11800,2026-01-18T11:30:00.000Z,2026-01-18 11:30:00,13.19,mg/l,DO,Dissolved Oxygen
11821,2026-01-18T11:30:00.000Z,2026-01-18 11:30:00,122.14,mS/cm,EC,Conductivity
11809,2026-01-18T11:30:00.000Z,2026-01-18 11:30:00,204.6,mS/cm,EC,Conductivity
11800,2026-01-18T11:30:00.000Z,2026-01-18 11:30:00,11.83,mg/l,COD,Chemical Oxygen Demand
11790,2026-01-18T11:30:00.000Z,2026-01-18 11:30:00,6.81,---,pH,pH
11811,2026-01-18T11:30:00.000Z,2026-01-18 11:30:00,7.48,mg/l,TOC,Total Organic Carbon
11805,2026-01-18T11:30:00.000Z,2026-01-18 11:30:00,7.51,mg/l,TOC,Total Organic Carbon
11783,2026-01-18T11:30:00.000Z,2026-01-18 11:30:00,0.3,mg/l,NO3,Nitrate
11790,2026-01-18T11:30:00.000Z,2026-01-18 11:30:00,0.24,m,Depth,Depth
11793,2026-01-18T11:30:00.000Z,2026-01-18 11:30:00,5.0,mg/l,CL,Chloride
11794,2026-01-18T11:30:00.000Z,2026-01-18 11:30:00,5.36,mg/l,BOD,Biochemical Oxygen Demand
11785,2026-01-18T11:30:00.000Z,2026-01-18 11:30:00,7.68,---,pH,pH
11783,2026-01-18T11:30:00.000Z,2026-01-18 11:30:00,380.4,mS/cm,EC,Conductivity
11788,2026-01-18T11:30:00.000Z,2026-01-18 11:30:00,284.03,m above MSL,S,Water Level
11821,2026-01-18T11:30:00.000Z,2026-01-18 11:30:00,13.46,mg/l,DO,Dissolved Oxygen
11809,2026-01-18T11:30:00.000Z,2026-01-18 11:30:00,9.42,mg/l,DO,Dissolved Oxygen
11816,2026-01-18T11:30:00.000Z,2026-01-18 11:30:00,8.33,---,pH,pH
11796,2026-01-18T11:30:00.000Z,2026-01-18 11:30:00,8.47,---,pH,pH
11785,2026-01-18T11:30:00.000Z,2026-01-18 11:30:00,0.3,mg/l,NO3,Nitrate
11800,2026-01-18T11:30:00.000Z,2026-01-18 11:30:00,2.63,mg/l,BOD,Biochemical Oxygen Demand
11790,2026-01-18T11:30:00.000Z,2026-01-18 11:30:00,1.5,mg/l,NO3,Nitrate
11802,2026-01-18T11:30:00.000Z,2026-01-18 11:30:00,101.12,m above MSL,S,Water Level
11821,2026-01-18T11:30:00.000Z,2026-01-18 11:30:00,5.0,mg/l,COD,Chemical Oxygen Demand
11809,2026-01-18T11:30:00.000Z,2026-01-18 11:30:00,12.54,mg/l,COD,Chemical Oxygen Demand
11798,2026-01-18T11:30:00.000Z,2026-01-18 11:30:00,0.91,m,Depth,Depth
11790,2026-01-18T11:30:00.000Z,2026-01-18 11:30:00,673.6,mS/cm,EC,Conductivity
11783,2026-01-18T11:30:00.000Z,2026-01-18 11:30:00,11.15,mg/l,DO,Dissolved Oxygen
11793,2026-01-18T11:30:00.000Z,2026-01-18 11:30:00,65.2,NTU,WTb,Water Turbidity
11784,2026-01-18T11:30:00.000Z,2026-01-18 11:30:00,42.43,mg/l,CL,Chloride
11785,2026-01-18T11:30:00.000Z,2026-01-18 11:30:00,185.4,mS/cm,EC,Conductivity
11791,2022-07-05T10:30:00.000Z,2022-07-05 10:30:00,222.95,m above MSL,S,Water Level
11783,2026-01-18T11:30:00.000Z,2026-01-18 11:30:00,11.43,mg/l,COD,Chemical Oxygen Demand
11793,2026-01-18T11:30:00.000Z,2026-01-18 11:30:00,16.41,°C,WT,Water Temperature
11821,2026-01-18T11:30:00.000Z,2026-01-18 11:30:00,0.5,mg/l,BOD,Biochemical Oxygen Demand
11809,2026-01-18T11:30:00.000Z,2026-01-18 11:30:00,35.95,m above MSL,S,Water Level
11809,2026-01-18T11:30:00.000Z,2026-01-18 11:30:00,2.65,mg/l,BOD,Biochemical Oxygen Demand
11816,2026-01-18T11:30:00.000Z,2026-01-18 11:30:00,0.3,mg/l,NO3,Nitrate
11796,2026-01-18T11:30:00.000Z,2026-01-18 11:30:00,1.73,mg/l,NO3,Nitrate
11811,2026-01-18T11:30:00.000Z,2026-01-18 11:30:00,8.26,---,pH,pH
11805,2026-01-18T11:30:00.000Z,2026-01-18 11:30:00,9.09,---,pH,pH
11816,2026-01-18T11:30:00.000Z,2026-01-18 11:30:00,385.2,mS/cm,EC,Conductivity
11796,2026-01-18T11:30:00.000Z,2026-01-18 11:30:00,563.3,mS/cm,EC,Conductivity
11785,2026-01-18T11:30:00.000Z,2026-01-18 11:30:00,10.18,mg/l,DO,Dissolved Oxygen
11799,2026-01-18T11:30:00.000Z,2026-01-18 11:30:00,46.07,NTU,WTb,Water Turbidity
11790,2026-01-18T11:30:00.000Z,2026-01-18 11:30:00,6.01,mg/l,DO,Dissolved Oxygen
11808,2026-01-18T11:30:00.000Z,2026-01-18 11:30:00,67.6,mg/l,CL,Chloride
11799,2026-01-18T11:30:00.000Z,2026-01-18 11:30:00,16.32,°C,WT,Water Temperature
11790,2026-01-18T11:30:00.000Z,2026-01-18 11:30:00,26.04,mg/l,COD,Chemical Oxygen Demand
11811,2026-01-18T11:30:00.000Z,2026-01-18 11:30:00,0.3,mg/l,NO3,Nitrate
11805,2026-01-18T11:30:00.000Z,2026-01-18 11:30:00,0.32,mg/l,NO3,Nitrate
11796,2026-01-18T11:30:00.000Z,2026-01-18 11:30:00,0.88,m,Depth,Depth
11808,2026-01-18T11:30:00.000Z,2026-01-18 11:30:00,0.86,m,Depth,Depth
11806,2026-01-18T11:30:00.000Z,2026-01-18 11:30:00,48.24,m above MSL,S,Water Level
11783,2026-01-18T11:30:00.000Z,2026-01-18 11:30:00,2.54,mg/l,BOD,Biochemical Oxygen Demand
11793,2026-01-18T11:30:00.000Z,2026-01-18 11:30:00,12.13,mg/l,TOC,Total Organic Carbon
11785,2026-01-18T11:30:00.000Z,2026-01-18 11:30:00,5.0,mg/l,COD,Chemical Oxygen Demand
11817,2026-01-18T11:30:00.000Z,2026-01-18 11:30:00,3.95,m,Depth,Depth
11805,2026-01-18T11:30:00.000Z,2026-01-18 11:30:00,41.88,mg/l,CL,Chloride
11820,2026-01-18T11:30:00.000Z,2026-01-18 11:30:00,18.03,NTU,WTb,Water Turbidity
11808,2026-01-18T11:30:00.000Z,2026-01-18 11:30:00,19.82,NTU,WTb,Water Turbidity
11816,2026-01-18T11:30:00.000Z,2026-01-18 11:30:00,8.86,mg/l,DO,Dissolved Oxygen
11796,2026-01-18T11:30:00.000Z,2026-01-18 11:30:00,8.12,mg/l,DO,Dissolved Oxygen
11811,2026-01-18T11:30:00.000Z,2026-01-18 11:30:00,285.7,mS/cm,EC,Conductivity
11805,2026-01-18T11:30:00.000Z,2026-01-18 11:30:00,630.76,mS/cm,EC,Conductivity
11811,2026-01-18T11:30:00.000Z,2026-01-18 11:30:00,19.74,mg/l,CL,Chloride
11816,2026-01-18T11:30:00.000Z,2026-01-18 11:30:00,12.86,mg/l,COD,Chemical Oxygen Demand
11796,2026-01-18T11:30:00.000Z,2026-01-18 11:30:00,10.51,mg/l,COD,Chemical Oxygen Demand
11785,2026-01-18T11:30:00.000Z,2026-01-18 11:30:00,0.5,mg/l,BOD,Biochemical Oxygen Demand
11799,2026-01-18T11:30:00.000Z,2026-01-18 11:30:00,5.49,mg/l,TOC,Total Organic Carbon
11790,2026-01-18T11:30:00.000Z,2026-01-18 11:30:00,6.51,mg/l,BOD,Biochemical Oxygen Demand
11820,2026-01-18T11:30:00.000Z,2026-01-18 11:30:00,18.38,°C,WT,Water Temperature
11785,2026-01-18T11:30:00.000Z,2026-01-18 11:30:00,601.38,m above MSL,S,Water Level
11808,2026-01-18T11:30:00.000Z,2026-01-18 11:30:00,19.61,°C,WT,Water Temperature
11789,2026-01-18T11:30:00.000Z,2026-01-18 11:30:00,0.24,m,Depth,Depth
11811,2026-01-18T11:30:00.000Z,2026-01-18 11:30:00,8.9,mg/l,DO,Dissolved Oxygen
11805,2026-01-18T11:30:00.000Z,2026-01-18 11:30:00,13.02,mg/l,DO,Dissolved Oxygen
11803,2026-01-18T11:30:00.000Z,2026-01-18 11:30:00,7.38,mg/l,DO,Dissolved Oxygen
11793,2026-01-18T11:30:00.000Z,2026-01-18 11:30:00,1.56,m,Depth,Depth
11812,2026-01-18T11:30:00.000Z,2026-01-18 11:30:00,134.0,m above MSL,S,Water Level
11803,2026-01-18T11:30:00.000Z,2026-01-18 11:30:00,14.72,mg/l,COD,Chemical Oxygen Demand
11793,2026-01-18T11:30:00.000Z,2026-01-18 11:30:00,7.45,---,pH,pH
11820,2026-01-18T11:30:00.000Z,2026-01-18 11:30:00,4.7,mg/l,TOC,Total Organic Carbon
11808,2026-01-18T11:30:00.000Z,2026-01-18 11:30:00,9.81,mg/l,TOC,Total Organic Carbon
11816,2026-01-18T11:30:00.000Z,2026-01-18 11:30:00,3.06,mg/l,BOD,Biochemical Oxygen Demand
11796,2026-01-18T11:30:00.000Z,2026-01-18 11:30:00,2.19,mg/l,BOD,Biochemical Oxygen Demand
11811,2026-01-18T11:30:00.000Z,2026-01-18 11:30:00,14.78,mg/l,COD,Chemical Oxygen Demand
11805,2026-01-18T11:30:00.000Z,2026-01-18 11:30:00,12.77,mg/l,COD,Chemical Oxygen Demand
11822,2026-01-18T11:30:00.000Z,2026-01-18 11:30:00,243.75,NTU,WTb,Water Turbidity
11788,2026-01-18T11:30:00.000Z,2026-01-18 11:30:00,17.06,NTU,WTb,Water Turbidity
11814,2026-01-18T11:30:00.000Z,2026-01-18 11:30:00,10.77,mg/l,COD,Chemical Oxygen Demand
11818,2026-01-18T11:30:00.000Z,2026-01-18 11:30:00,11.47,mg/l,COD,Chemical Oxygen Demand
11787,2026-01-18T11:30:00.000Z,2026-01-18 11:30:00,0.5,mg/l,BOD,Biochemical Oxygen Demand
11819,2026-01-18T11:30:00.000Z,2026-01-18 11:30:00,2.0,mg/l,BOD,Biochemical Oxygen Demand
11816,2026-01-18T11:30:00.000Z,2026-01-18 11:30:00,9.55,m above MSL,S,Water Level
11817,2026-01-18T11:30:00.000Z,2026-01-18 11:30:00,4.69,mg/l,TOC,Total Organic Carbon
11797,2026-01-18T11:30:00.000Z,2026-01-18 11:30:00,7.29,mg/l,TOC,Total Organic Carbon
11795,2026-01-18T11:30:00.000Z,2026-01-18 11:30:00,1.0,m,Depth,Depth
11812,2026-01-18T11:30:00.000Z,2026-01-18 11:30:00,19.3,°C,WT,Water Temperature
11806,2026-01-18T11:30:00.000Z,2026-01-18 11:30:00,18.32,°C,WT,Water Temperature
11804,2026-01-18T11:30:00.000Z,2026-01-18 11:30:00,1.77,m,Depth,Depth
11801,2026-01-18T11:30:00.000Z,2026-01-18 11:30:00,9.44,mg/l,DO,Dissolved Oxygen
11801,2026-01-18T11:30:00.000Z,2026-01-18 11:30:00,14.15,mg/l,COD,Chemical Oxygen Demand
11791,2022-07-05T10:30:00.000Z,2022-07-05 10:30:00,7.14,---,pH,pH
11815,2026-01-18T11:30:00.000Z,2026-01-18 11:30:00,44.82,mg/l,CL,Chloride
11803,2026-01-18T11:30:00.000Z,2026-01-18 11:30:00,169.28,m above MSL,S,Water Level
11807,2026-01-18T11:30:00.000Z,2026-01-18 11:30:00,0.85,m,Depth,Depth
11812,2026-01-18T11:30:00.000Z,2026-01-18 11:30:00,3.93,mg/l,TOC,Total Organic Carbon
11806,2026-01-18T11:30:00.000Z,2026-01-18 11:30:00,18.28,mg/l,TOC,Total Organic Carbon
11814,2026-01-18T11:30:00.000Z,2026-01-18 11:30:00,2.06,mg/l,BOD,Biochemical Oxygen Demand
11818,2026-01-18T11:30:00.000Z,2026-01-18 11:30:00,2.45,mg/l,BOD,Biochemical Oxygen Demand
11786,2026-01-18T11:30:00.000Z,2026-01-18 11:30:00,12.28,NTU,WTb,Water Turbidity
11802,2026-01-18T11:30:00.000Z,2026-01-18 11:30:00,81.39,mg/l,CL,Chloride
11810,2025-11-02T02:30:00.000Z,2025-11-02 02:30:00,7.24,mg/l,DO,Dissolved Oxygen
11810,2025-11-02T02:30:00.000Z,2025-11-02 02:30:00,0.78,m,Depth,Depth
11817,2026-01-18T11:30:00.000Z,2026-01-18 11:30:00,8.28,---,pH,pH
11797,2026-01-18T11:30:00.000Z,2026-01-18 11:30:00,8.44,---,pH,pH
11786,2026-01-18T11:30:00.000Z,2026-01-18 11:30:00,0.3,mg/l,NO3,Nitrate
11800,2026-01-18T11:30:00.000Z,2026-01-18 11:30:00,85.71,mg/l,CL,Chloride
11801,2026-01-18T11:30:00.000Z,2026-01-18 11:30:00,3.14,mg/l,BOD,Biochemical Oxygen Demand
11791,2022-07-05T10:30:00.000Z,2022-07-05 10:30:00,50.0,mg/l,NO3,Nitrate
11786,2026-01-18T11:30:00.000Z,2026-01-18 11:30:00,15.96,°C,WT,Water Temperature
11810,2025-11-02T02:30:00.000Z,2025-11-02 02:30:00,7.31,mg/l,COD,Chemical Oxygen Demand
11791,2022-07-05T10:30:00.000Z,2022-07-05 10:30:00,930.9,mS/cm,EC,Conductivity
11801,2026-01-18T11:30:00.000Z,2026-01-18 11:30:00,108.14,m above MSL,S,Water Level
11815,2026-01-18T11:30:00.000Z,2026-01-18 11:30:00,2.23,m,Depth,Depth
11803,2026-01-18T11:30:00.000Z,2026-01-18 11:30:00,67.39,NTU,WTb,Water Turbidity
11794,2026-01-18T11:30:00.000Z,2026-01-18 11:30:00,501.48,NTU,WTb,Water Turbidity
11795,2026-01-18T11:30:00.000Z,2026-01-18 11:30:00,92.21,m above MSL,S,Water Level
11786,2026-01-18T11:30:00.000Z,2026-01-18 11:30:00,136.3,mS/cm,EC,Conductivity
11803,2026-01-18T11:30:00.000Z,2026-01-18 11:30:00,13.35,°C,WT,Water Temperature
11794,2026-01-18T11:30:00.000Z,2026-01-18 11:30:00,10.48,°C,WT,Water Temperature
11786,2026-01-18T11:30:00.000Z,2026-01-18 11:30:00,1.0,mg/l,TOC,Total Organic Carbon
11810,2025-11-02T02:30:00.000Z,2025-11-02 02:30:00,1.11,mg/l,BOD,Biochemical Oxygen Demand
11817,2026-01-18T11:30:00.000Z,2026-01-18 11:30:00,0.3,mg/l,NO3,Nitrate
11797,2026-01-18T11:30:00.000Z,2026-01-18 11:30:00,2.59,mg/l,NO3,Nitrate
11812,2026-01-18T11:30:00.000Z,2026-01-18 11:30:00,9.9,---,pH,pH
11797,2026-01-18T11:30:00.000Z,2026-01-18 11:30:00,64.48,mg/l,CL,Chloride
11806,2026-01-18T11:30:00.000Z,2026-01-18 11:30:00,8.56,---,pH,pH
11817,2026-01-18T11:30:00.000Z,2026-01-18 11:30:00,232.5,mS/cm,EC,Conductivity
11797,2026-01-18T11:30:00.000Z,2026-01-18 11:30:00,664.0,mS/cm,EC,Conductivity
11786,2026-01-18T11:30:00.000Z,2026-01-18 11:30:00,9.47,mg/l,DO,Dissolved Oxygen
11800,2026-01-18T11:30:00.000Z,2026-01-18 11:30:00,24.15,NTU,WTb,Water Turbidity
11798,2026-01-18T11:30:00.000Z,2026-01-18 11:30:00,62.11,m above MSL,S,Water Level
11791,2022-07-05T10:30:00.000Z,2022-07-05 10:30:00,0.2,mg/l,DO,Dissolved Oxygen
11786,2026-01-18T11:30:00.000Z,2026-01-18 11:30:00,8.19,---,pH,pH
11800,2026-01-18T11:30:00.000Z,2026-01-18 11:30:00,17.07,°C,WT,Water Temperature
11791,2022-07-05T10:30:00.000Z,2022-07-05 10:30:00,259.54,mg/l,COD,Chemical Oxygen Demand
11812,2026-01-18T11:30:00.000Z,2026-01-18 11:30:00,0.3,mg/l,NO3,Nitrate
11806,2026-01-18T11:30:00.000Z,2026-01-18 11:30:00,0.3,mg/l,NO3,Nitrate
11803,2026-01-18T11:30:00.000Z,2026-01-18 11:30:00,8.67,mg/l,TOC,Total Organic Carbon
11794,2026-01-18T11:30:00.000Z,2026-01-18 11:30:00,10.45,mg/l,TOC,Total Organic Carbon
11786,2026-01-18T11:30:00.000Z,2026-01-18 11:30:00,5.0,mg/l,COD,Chemical Oxygen Demand
11789,2026-01-18T11:30:00.000Z,2026-01-18 11:30:00,206.44,m above MSL,S,Water Level
11821,2026-01-18T11:30:00.000Z,2026-01-18 11:30:00,12.2,NTU,WTb,Water Turbidity
11809,2026-01-18T11:30:00.000Z,2026-01-18 11:30:00,83.12,NTU,WTb,Water Turbidity
11809,2026-01-18T11:30:00.000Z,2026-01-18 11:30:00,0.93,m,Depth,Depth
11817,2026-01-18T11:30:00.000Z,2026-01-18 11:30:00,6.3,mg/l,DO,Dissolved Oxygen
11797,2026-01-18T11:30:00.000Z,2026-01-18 11:30:00,7.63,mg/l,DO,Dissolved Oxygen
11812,2026-01-18T11:30:00.000Z,2026-01-18 11:30:00,660.2,mS/cm,EC,Conductivity
11806,2026-01-18T11:30:00.000Z,2026-01-18 11:30:00,763.5,mS/cm,EC,Conductivity
11817,2026-01-18T11:30:00.000Z,2026-01-18 11:30:00,9.67,mg/l,COD,Chemical Oxygen Demand
11797,2026-01-18T11:30:00.000Z,2026-01-18 11:30:00,15.3,mg/l,COD,Chemical Oxygen Demand
11786,2026-01-18T11:30:00.000Z,2026-01-18 11:30:00,0.5,mg/l,BOD,Biochemical Oxygen Demand
11813,2026-01-18T11:30:00.000Z,2026-01-18 11:30:00,36.55,m above MSL,S,Water Level
11800,2026-01-18T11:30:00.000Z,2026-01-18 11:30:00,5.26,mg/l,TOC,Total Organic Carbon
11791,2022-07-05T10:30:00.000Z,2022-07-05 10:30:00,72.49,mg/l,BOD,Biochemical Oxygen Demand
11821,2026-01-18T11:30:00.000Z,2026-01-18 11:30:00,18.2,°C,WT,Water Temperature
11809,2026-01-18T11:30:00.000Z,2026-01-18 11:30:00,18.2,°C,WT,Water Temperature
11800,2026-01-18T11:30:00.000Z,2026-01-18 11:30:00,0.86,m,Depth,Depth
11812,2026-01-18T11:30:00.000Z,2026-01-18 11:30:00,10.51,mg/l,DO,Dissolved Oxygen
11806,2026-01-18T11:30:00.000Z,2026-01-18 11:30:00,1.08,mg/l,DO,Dissolved Oxygen
11812,2026-01-18T11:30:00.000Z,2026-01-18 11:30:00,102.41,mg/l,CL,Chloride
11803,2026-01-18T11:30:00.000Z,2026-01-18 11:30:00,7.23,---,pH,pH
11794,2026-01-18T11:30:00.000Z,2026-01-18 11:30:00,6.49,---,pH,pH
11821,2026-01-18T11:30:00.000Z,2026-01-18 11:30:00,1.0,mg/l,TOC,Total Organic Carbon
11809,2026-01-18T11:30:00.000Z,2026-01-18 11:30:00,5.59,mg/l,TOC,Total Organic Carbon
11817,2026-01-18T11:30:00.000Z,2026-01-18 11:30:00,2.37,mg/l,BOD,Biochemical Oxygen Demand
11797,2026-01-18T11:30:00.000Z,2026-01-18 11:30:00,2.69,mg/l,BOD,Biochemical Oxygen Demand
11822,2026-01-18T11:30:00.000Z,2026-01-18 11:30:00,54.42,mg/l,CL,Chloride
11812,2026-01-18T11:30:00.000Z,2026-01-18 11:30:00,7.86,mg/l,COD,Chemical Oxygen Demand
11806,2026-01-18T11:30:00.000Z,2026-01-18 11:30:00,36.57,mg/l,COD,Chemical Oxygen Demand
11785,2026-01-18T11:30:00.000Z,2026-01-18 11:30:00,35.41,NTU,WTb,Water Turbidity
11791,2022-07-05T10:30:00.000Z,2022-07-05 10:30:00,0.0,mg/l,CL,Chloride
11783,2026-01-18T11:30:00.000Z,2026-01-18 11:30:00,66.89,m above MSL,S,Water Level
11790,2026-01-18T11:30:00.000Z,2026-01-18 11:30:00,0.0,NTU,WTb,Water Turbidity
11800,2026-01-18T11:30:00.000Z,2026-01-18 11:30:00,8.24,---,pH,pH
11790,2026-01-18T11:30:00.000Z,2026-01-18 11:30:00,13.31,°C,WT,Water Temperature
11812,2026-01-18T11:30:00.000Z,2026-01-18 11:30:00,1.42,mg/l,BOD,Biochemical Oxygen Demand
11784,2026-01-18T11:30:00.000Z,2026-01-18 11:30:00,0.93,m,Depth,Depth
11819,2026-01-18T11:30:00.000Z,2026-01-18 11:30:00,5.0,mg/l,CL,Chloride
11806,2026-01-18T11:30:00.000Z,2026-01-18 11:30:00,10.45,mg/l,BOD,Biochemical Oxygen Demand
11803,2026-01-18T11:30:00.000Z,2026-01-18 11:30:00,5.86,mg/l,NO3,Nitrate
11794,2026-01-18T11:30:00.000Z,2026-01-18 11:30:00,0.72,mg/l,NO3,Nitrate
11785,2026-01-18T11:30:00.000Z,2026-01-18 11:30:00,10.75,°C,WT,Water Temperature
11803,2026-01-18T11:30:00.000Z,2026-01-18 11:30:00,623.24,mS/cm,EC,Conductivity
11794,2026-01-18T11:30:00.000Z,2026-01-18 11:30:00,1502.14,mS/cm,EC,Conductivity
11816,2026-01-18T11:30:00.000Z,2026-01-18 11:30:00,89.88,NTU,WTb,Water Turbidity
11796,2026-01-18T11:30:00.000Z,2026-01-18 11:30:00,35.3,NTU,WTb,Water Turbidity
11802,2026-01-18T11:30:00.000Z,2026-01-18 11:30:00,16.55,mg/l,COD,Chemical Oxygen Demand
11792,2022-10-04T07:30:00.000Z,2022-10-04 07:30:00,0.0,---,pH,pH
11813,2026-01-18T11:30:00.000Z,2026-01-18 11:30:00,4.74,mg/l,TOC,Total Organic Carbon
11807,2026-01-18T11:30:00.000Z,2026-01-18 11:30:00,5.24,mg/l,TOC,Total Organic Carbon
11815,2026-01-18T11:30:00.000Z,2026-01-18 11:30:00,2.69,mg/l,BOD,Biochemical Oxygen Demand
11795,2026-01-18T11:30:00.000Z,2026-01-18 11:30:00,3.43,mg/l,BOD,Biochemical Oxygen Demand
11789,2026-01-18T11:30:00.000Z,2026-01-18 11:30:00,12.58,°C,WT,Water Temperature
11801,2026-01-18T11:30:00.000Z,2026-01-18 11:30:00,101.58,mg/l,CL,Chloride
11804,2026-01-18T11:30:00.000Z,2026-01-18 11:30:00,5.0,mg/l,COD,Chemical Oxygen Demand
11819,2026-01-18T11:30:00.000Z,2026-01-18 11:30:00,55.11,NTU,WTb,Water Turbidity
11787,2026-01-18T11:30:00.000Z,2026-01-18 11:30:00,9.27,NTU,WTb,Water Turbidity
11786,2026-01-18T11:30:00.000Z,2026-01-18 11:30:00,641.33,m above MSL,S,Water Level
11784,2026-01-18T11:30:00.000Z,2026-01-18 11:30:00,11.26,mg/l,DO,Dissolved Oxygen
11804,2026-01-18T11:30:00.000Z,2026-01-18 11:30:00,58.41,m above MSL,S,Water Level
11788,2026-01-18T11:30:00.000Z,2026-01-18 11:30:00,1.26,m,Depth,Depth
11784,2026-01-18T11:30:00.000Z,2026-01-18 11:30:00,6.43,mg/l,COD,Chemical Oxygen Demand
11798,2026-01-18T11:30:00.000Z,2026-01-18 11:30:00,8.42,---,pH,pH
11789,2026-01-18T11:30:00.000Z,2026-01-18 11:30:00,4.9,mg/l,TOC,Total Organic Carbon
11804,2026-01-18T11:30:00.000Z,2026-01-18 11:30:00,0.5,mg/l,BOD,Biochemical Oxygen Demand
11802,2026-01-18T11:30:00.000Z,2026-01-18 11:30:00,3.27,mg/l,BOD,Biochemical Oxygen Demand
11792,2022-10-04T07:30:00.000Z,2022-10-04 07:30:00,0.0,mg/l,NO3,Nitrate
11819,2026-01-18T11:30:00.000Z,2026-01-18 11:30:00,16.88,°C,WT,Water Temperature
11787,2026-01-18T11:30:00.000Z,2026-01-18 11:30:00,14.73,°C,WT,Water Temperature
11792,2022-10-04T07:30:00.000Z,2022-10-04 07:30:00,0.0,mS/cm,EC,Conductivity
11814,2026-01-18T11:30:00.000Z,2026-01-18 11:30:00,2.96,NTU,WTb,Water Turbidity
11818,2026-01-18T11:30:00.000Z,2026-01-18 11:30:00,63.44,NTU,WTb,Water Turbidity
11814,2026-01-18T11:30:00.000Z,2026-01-18 11:30:00,18.33,°C,WT,Water Temperature
11818,2026-01-18T11:30:00.000Z,2026-01-18 11:30:00,12.39,°C,WT,Water Temperature
11819,2026-01-18T11:30:00.000Z,2026-01-18 11:30:00,4.0,mg/l,TOC,Total Organic Carbon
11787,2026-01-18T11:30:00.000Z,2026-01-18 11:30:00,1.0,mg/l,TOC,Total Organic Carbon
11784,2026-01-18T11:30:00.000Z,2026-01-18 11:30:00,1.4,mg/l,BOD,Biochemical Oxygen Demand
11798,2026-01-18T11:30:00.000Z,2026-01-18 11:30:00,2.29,mg/l,NO3,Nitrate
11813,2026-01-18T11:30:00.000Z,2026-01-18 11:30:00,8.21,---,pH,pH
11810,2025-11-02T02:30:00.000Z,2025-11-02 02:30:00,59.31,m above MSL,S,Water Level
11807,2026-01-18T11:30:00.000Z,2026-01-18 11:30:00,8.41,---,pH,pH
11809,2026-01-18T11:30:00.000Z,2026-01-18 11:30:00,12.43,mg/l,CL,Chloride
11798,2026-01-18T11:30:00.000Z,2026-01-18 11:30:00,627.6,mS/cm,EC,Conductivity
11801,2026-01-18T11:30:00.000Z,2026-01-18 11:30:00,1751.14,NTU,WTb,Water Turbidity
11792,2022-10-04T07:30:00.000Z,2022-10-04 07:30:00,0.0,mg/l,DO,Dissolved Oxygen
11801,2026-01-18T11:30:00.000Z,2026-01-18 11:30:00,16.71,°C,WT,Water Temperature
11792,2022-10-04T07:30:00.000Z,2022-10-04 07:30:00,-999.0,mg/l,COD,Chemical Oxygen Demand
11801,2026-01-18T11:30:00.000Z,2026-01-18 11:30:00,0.83,m,Depth,Depth
11813,2026-01-18T11:30:00.000Z,2026-01-18 11:30:00,0.3,mg/l,NO3,Nitrate
11807,2026-01-18T11:30:00.000Z,2026-01-18 11:30:00,0.3,mg/l,NO3,Nitrate
11814,2026-01-18T11:30:00.000Z,2026-01-18 11:30:00,5.37,mg/l,TOC,Total Organic Carbon
11806,2026-01-18T11:30:00.000Z,2026-01-18 11:30:00,200.0,mg/l,CL,Chloride
11818,2026-01-18T11:30:00.000Z,2026-01-18 11:30:00,5.63,mg/l,TOC,Total Organic Carbon
11789,2026-01-18T11:30:00.000Z,2026-01-18 11:30:00,9.3,---,pH,pH
11807,2026-01-18T11:30:00.000Z,2026-01-18 11:30:00,51.41,m above MSL,S,Water Level
11783,2026-01-18T11:30:00.000Z,2026-01-18 11:30:00,10.83,NTU,WTb,Water Turbidity
11798,2026-01-18T11:30:00.000Z,2026-01-18 11:30:00,7.4,mg/l,DO,Dissolved Oxygen
11813,2026-01-18T11:30:00.000Z,2026-01-18 11:30:00,585.81,mS/cm,EC,Conductivity
11807,2026-01-18T11:30:00.000Z,2026-01-18 11:30:00,533.31,mS/cm,EC,Conductivity
11783,2026-01-18T11:30:00.000Z,2026-01-18 11:30:00,18.32,°C,WT,Water Temperature
11821,2026-01-18T11:30:00.000Z,2026-01-18 11:30:00,0.67,m,Depth,Depth
11798,2026-01-18T11:30:00.000Z,2026-01-18 11:30:00,15.3,mg/l,COD,Chemical Oxygen Demand
11783,2026-01-18T11:30:00.000Z,2026-01-18 11:30:00,94.31,mg/l,CL,Chloride
11789,2026-01-18T11:30:00.000Z,2026-01-18 11:30:00,10.21,mg/l,NO3,Nitrate
11801,2026-01-18T11:30:00.000Z,2026-01-18 11:30:00,6.28,mg/l,TOC,Total Organic Carbon
11813,2026-01-18T11:30:00.000Z,2026-01-18 11:30:00,0.68,m,Depth,Depth
11792,2022-10-04T07:30:00.000Z,2022-10-04 07:30:00,0.0,mg/l,BOD,Biochemical Oxygen Demand
11787,2026-01-18T11:30:00.000Z,2026-01-18 11:30:00,8.02,---,pH,pH
11819,2026-01-18T11:30:00.000Z,2026-01-18 11:30:00,9.07,---,pH,pH
11784,2026-01-18T11:30:00.000Z,2026-01-18 11:30:00,308.53,m above MSL,S,Water Level
11813,2026-01-18T11:30:00.000Z,2026-01-18 11:30:00,8.16,mg/l,DO,Dissolved Oxygen
11796,2026-01-18T11:30:00.000Z,2026-01-18 11:30:00,93.49,m above MSL,S,Water Level
11807,2026-01-18T11:30:00.000Z,2026-01-18 11:30:00,9.87,mg/l,DO,Dissolved Oxygen
11789,2026-01-18T11:30:00.000Z,2026-01-18 11:30:00,530.0,mS/cm,EC,Conductivity
11814,2026-01-18T11:30:00.000Z,2026-01-18 11:30:00,8.25,---,pH,pH
11818,2026-01-18T11:30:00.000Z,2026-01-18 11:30:00,7.47,---,pH,pH
11787,2026-01-18T11:30:00.000Z,2026-01-18 11:30:00,0.3,mg/l,NO3,Nitrate
11819,2026-01-18T11:30:00.000Z,2026-01-18 11:30:00,0.3,mg/l,NO3,Nitrate
11789,2026-01-18T11:30:00.000Z,2026-01-18 11:30:00,48.88,mg/l,CL,Chloride
11783,2026-01-18T11:30:00.000Z,2026-01-18 11:30:00,5.08,mg/l,TOC,Total Organic Carbon
11798,2026-01-18T11:30:00.000Z,2026-01-18 11:30:00,2.92,mg/l,BOD,Biochemical Oxygen Demand
11813,2026-01-18T11:30:00.000Z,2026-01-18 11:30:00,10.86,mg/l,COD,Chemical Oxygen Demand
11807,2026-01-18T11:30:00.000Z,2026-01-18 11:30:00,11.79,mg/l,COD,Chemical Oxygen Demand
11783,2026-01-18T11:30:00.000Z,2026-01-18 11:30:00,9.81,---,pH,pH
11797,2026-01-18T11:30:00.000Z,2026-01-18 11:30:00,0.82,m,Depth,Depth
11789,2026-01-18T11:30:00.000Z,2026-01-18 11:30:00,1.17,mg/l,DO,Dissolved Oxygen
11791,2022-07-05T10:30:00.000Z,2022-07-05 10:30:00,139.0,NTU,WTb,Water Turbidity
11788,2026-01-18T11:30:00.000Z,2026-01-18 11:30:00,5.0,mg/l,CL,Chloride
11787,2026-01-18T11:30:00.000Z,2026-01-18 11:30:00,140.6,mS/cm,EC,Conductivity
11819,2026-01-18T11:30:00.000Z,2026-01-18 11:30:00,498.22,mS/cm,EC,Conductivity
11801,2026-01-18T11:30:00.000Z,2026-01-18 11:30:00,8.34,---,pH,pH
11799,2026-01-18T11:30:00.000Z,2026-01-18 11:30:00,76.12,m above MSL,S,Water Level
11791,2022-07-05T10:30:00.000Z,2022-07-05 10:30:00,37.56,°C,WT,Water Temperature
11816,2026-01-18T11:30:00.000Z,2026-01-18 11:30:00,0.88,m,Depth,Depth
11813,2026-01-18T11:30:00.000Z,2026-01-18 11:30:00,2.37,mg/l,BOD,Biochemical Oxygen Demand
11790,2026-01-18T11:30:00.000Z,2026-01-18 11:30:00,206.39,m above MSL,S,Water Level
11807,2026-01-18T11:30:00.000Z,2026-01-18 11:30:00,2.62,mg/l,BOD,Biochemical Oxygen Demand
11814,2026-01-18T11:30:00.000Z,2026-01-18 11:30:00,0.3,mg/l,NO3,Nitrate
11819,2026-01-18T11:30:00.000Z,2026-01-18 11:30:00,0.86,m,Depth,Depth
11818,2026-01-18T11:30:00.000Z,2026-01-18 11:30:00,5.67,mg/l,NO3,Nitrate
11789,2026-01-18T11:30:00.000Z,2026-01-18 11:30:00,12.63,mg/l,COD,Chemical Oxygen Demand
11814,2026-01-18T11:30:00.000Z,2026-01-18 11:30:00,357.3,mS/cm,EC,Conductivity
11818,2026-01-18T11:30:00.000Z,2026-01-18 11:30:00,534.54,mS/cm,EC,Conductivity
11798,2026-01-18T11:30:00.000Z,2026-01-18 11:30:00,70.15,mg/l,CL,Chloride
11787,2026-01-18T11:30:00.000Z,2026-01-18 11:30:00,10.46,mg/l,DO,Dissolved Oxygen
11819,2026-01-18T11:30:00.000Z,2026-01-18 11:30:00,8.94,mg/l,DO,Dissolved Oxygen
11817,2026-01-18T11:30:00.000Z,2026-01-18 11:30:00,91.89,NTU,WTb,Water Turbidity
11797,2026-01-18T11:30:00.000Z,2026-01-18 11:30:00,37.76,NTU,WTb,Water Turbidity
11817,2026-01-18T11:30:00.000Z,2026-01-18 11:30:00,20.3,°C,WT,Water Temperature
11797,2026-01-18T11:30:00.000Z,2026-01-18 11:30:00,15.39,°C,WT,Water Temperature
11789,2026-01-18T11:30:00.000Z,2026-01-18 11:30:00,2.45,mg/l,BOD,Biochemical Oxygen Demand
11801,2026-01-18T11:30:00.000Z,2026-01-18 11:30:00,2.23,mg/l,NO3,Nitrate
11791,2022-07-05T10:30:00.000Z,2022-07-05 10:30:00,108.74,mg/l,TOC,Total Organic Carbon
11816,2026-01-18T11:30:00.000Z,2026-01-18 11:30:00,48.5,mg/l,CL,Chloride
11787,2026-01-18T11:30:00.000Z,2026-01-18 11:30:00,5.0,mg/l,COD,Chemical Oxygen Demand
11803,2026-01-18T11:30:00.000Z,2026-01-18 11:30:00,53.33,mg/l,CL,Chloride
11819,2026-01-18T11:30:00.000Z,2026-01-18 11:30:00,9.0,mg/l,COD,Chemical Oxygen Demand
11793,2026-01-18T11:30:00.000Z,2026-01-18 11:30:00,163.93,m above MSL,S,Water Level
11801,2026-01-18T11:30:00.000Z,2026-01-18 11:30:00,941.98,mS/cm,EC,Conductivity
11812,2026-01-18T11:30:00.000Z,2026-01-18 11:30:00,0.0,NTU,WTb,Water Turbidity
11806,2026-01-18T11:30:00.000Z,2026-01-18 11:30:00,32.79,NTU,WTb,Water Turbidity
11783,2026-01-18T11:30:00.000Z,2026-01-18 11:30:00,1.66,m,Depth,Depth
11811,2026-01-18T11:30:00.000Z,2026-01-18 11:30:00,0.87,m,Depth,Depth
11814,2026-01-18T11:30:00.000Z,2026-01-18 11:30:00,135.08,m above MSL,S,Water Level
11814,2026-01-18T11:30:00.000Z,2026-01-18 11:30:00,8.26,mg/l,DO,Dissolved Oxygen
11818,2026-01-18T11:30:00.000Z,2026-01-18 11:30:00,8.54,mg/l,DO,Dissolved Oxygen
11795,2026-01-18T11:30:00.000Z,2026-01-18 11:30:00,78.56,mg/l,CL,Chloride
