stationId,timestamp,timestampDate,value,unit,parameterNo,parameterName
11799,2026-08-17T21:30:00.000Z,2026-08-17 21:30:00,8.17,---,pH,pH
11788,2026-08-17T21:30:00.000Z,2026-08-17 21:30:00,21.56,°C,WT,Water Temperature
11811,2026-08-17T21:30:00.000Z,2026-08-17 21:30:00,2.53,mg/l,BOD,Biochemical Oxygen Demand
11805,2026-08-17T21:30:00.000Z,2026-08-17 21:30:00,2.69,mg/l,BOD,Biochemical Oxygen Demand
11799,2026-08-17T21:30:00.000Z,2026-08-17 21:30:00,1.21,m,Depth,Depth
11810,2026-08-17T21:30:00.000Z,2026-08-17 21:30:00,10.77,mg/l,CL,Chloride
11803,2026-08-17T21:30:00.000Z,2026-08-17 21:30:00,4.39,mg/l,BOD,Biochemical Oxygen Demand
11793,2026-08-17T21:30:00.000Z,2026-08-17 21:30:00,1.64,mg/l,NO3,Nitrate
11822,2026-08-17T21:30:00.000Z,2026-08-17 21:30:00,30.37,°C,WT,Water Temperature
11793,2026-08-17T21:30:00.000Z,2026-08-17 21:30:00,1021.77,mS/cm,EC,Conductivity
11811,2026-08-17T21:30:00.000Z,2026-08-17 21:30:00,38.7,m above MSL,S,Water Level
11815,2026-08-17T21:30:00.000Z,2026-08-17 21:30:00,319.81,NTU,WTb,Water Turbidity
11795,2026-08-17T21:30:00.000Z,2026-08-17 21:30:00,187.96,NTU,WTb,Water Turbidity
11815,2026-08-17T21:30:00.000Z,2026-08-17 21:30:00,30.86,°C,WT,Water Temperature
11795,2026-08-17T21:30:00.000Z,2026-08-17 21:30:00,30.94,°C,WT,Water Temperature
11807,2026-08-17T21:30:00.000Z,2026-08-17 21:30:00,13.33,mg/l,CL,Chloride
11822,2026-08-17T21:30:00.000Z,2026-08-17 21:30:00,6.07,mg/l,TOC,Total Organic Carbon
11799,2026-08-17T21:30:00.000Z,2026-08-17 21:30:00,1.94,mg/l,NO3,Nitrate
11788,2026-08-17T21:30:00.000Z,2026-08-17 21:30:00,1.0,mg/l,TOC,Total Organic Carbon
11820,2026-08-17T21:30:00.000Z,2026-08-17 21:30:00,8.15,---,pH,pH
11808,2026-08-17T21:30:00.000Z,2026-08-17 21:30:00,7.88,---,pH,pH
11799,2026-08-17T21:30:00.000Z,2026-08-17 21:30:00,362.86,mS/cm,EC,Conductivity
11810,2026-08-17T21:30:00.000Z,2026-08-17 21:30:00,82.24,NTU,WTb,Water Turbidity
11804,2026-08-17T21:30:00.000Z,2026-08-17 21:30:00,404.56,NTU,WTb,Water Turbidity
11786,2026-08-17T21:30:00.000Z,2026-08-17 21:30:00,1.41,m,Depth,Depth
11802,2026-08-17T21:30:00.000Z,2026-08-17 21:30:00,36.0,NTU,WTb,Water Turbidity
11808,2026-08-17T21:30:00.000Z,2026-08-17 21:30:00,38.39,m above MSL,S,Water Level
11793,2026-08-17T21:30:00.000Z,2026-08-17 21:30:00,2.87,mg/l,DO,Dissolved Oxygen
11802,2026-08-17T21:30:00.000Z,2026-08-17 21:30:00,30.98,°C,WT,Water Temperature
11785,2026-08-17T17:30:00.000Z,2026-08-17 17:30:00,5.0,mg/l,CL,Chloride
11793,2026-08-17T21:30:00.000Z,2026-08-17 21:30:00,21.41,mg/l,COD,Chemical Oxygen Demand
11821,2026-08-17T21:30:00.000Z,2026-08-17 21:30:00,640.58,m above MSL,S,Water Level
11820,2026-08-17T21:30:00.000Z,2026-08-17 21:30:00,0.3,mg/l,NO3,Nitrate
11808,2026-08-17T21:30:00.000Z,2026-08-17 21:30:00,0.3,mg/l,NO3,Nitrate
11815,2026-08-17T21:30:00.000Z,2026-08-17 21:30:00,4.27,mg/l,TOC,Total Organic Carbon
11795,2026-08-17T21:30:00.000Z,2026-08-17 21:30:00,2.74,mg/l,TOC,Total Organic Carbon
11810,2026-08-17T21:30:00.000Z,2026-08-17 21:30:00,33.56,°C,WT,Water Temperature
11804,2026-08-17T21:30:00.000Z,2026-08-17 21:30:00,30.29,°C,WT,Water Temperature
11799,2026-08-17T21:30:00.000Z,2026-08-17 21:30:00,6.06,mg/l,DO,Dissolved Oxygen
11806,2026-08-17T21:30:00.000Z,2026-08-17 21:30:00,0.84,m,Depth,Depth
11820,2026-08-17T21:30:00.000Z,2026-08-17 21:30:00,216.8,mS/cm,EC,Conductivity
11784,2026-08-17T21:30:00.000Z,2026-08-17 21:30:00,145.15,NTU,WTb,Water Turbidity
11808,2026-08-17T21:30:00.000Z,2026-08-17 21:30:00,280.8,mS/cm,EC,Conductivity
11799,2026-08-17T21:30:00.000Z,2026-08-17 21:30:00,9.33,mg/l,COD,Chemical Oxygen Demand
11812,2026-08-17T21:30:00.000Z,2026-08-17 21:30:00,0.84,m,Depth,Depth
11788,2026-08-17T21:30:00.000Z,2026-08-17 21:30:00,8.21,---,pH,pH
11810,2026-08-17T21:30:00.000Z,2026-08-17 21:30:00,4.82,mg/l,TOC,Total Organic Carbon
11784,2026-08-17T21:30:00.000Z,2026-08-17 21:30:00,32.67,°C,WT,Water Temperature
11804,2026-08-17T21:30:00.000Z,2026-08-17 21:30:00,5.62,mg/l,TOC,Total Organic Carbon
11802,2026-08-17T21:30:00.000Z,2026-08-17 21:30:00,8.32,mg/l,TOC,Total Organic Carbon
11793,2026-08-17T21:30:00.000Z,2026-08-17 21:30:00,5.42,mg/l,BOD,Biochemical Oxygen Demand
11822,2026-08-17T21:30:00.000Z,2026-08-17 21:30:00,8.18,---,pH,pH
11818,2026-08-17T21:30:00.000Z,2026-08-17 21:30:00,194.13,m above MSL,S,Water Level
11813,2026-08-17T21:30:00.000Z,2026-08-17 21:30:00,21.08,mg/l,CL,Chloride
11820,2026-08-17T21:30:00.000Z,2026-08-17 21:30:00,6.78,mg/l,DO,Dissolved Oxygen
11808,2026-08-17T21:30:00.000Z,2026-08-17 21:30:00,6.89,mg/l,DO,Dissolved Oxygen
11815,2026-08-17T21:30:00.000Z,2026-08-17 21:30:00,8.18,---,pH,pH
11795,2026-08-17T21:30:00.000Z,2026-08-17 21:30:00,8.52,---,pH,pH
11822,2026-08-17T21:30:00.000Z,2026-08-17 21:30:00,0.3,mg/l,NO3,Nitrate
11817,2026-08-17T21:30:00.000Z,2026-08-17 21:30:00,16.73,m above MSL,S,Water Level
11799,2026-08-17T21:30:00.000Z,2026-08-17 21:30:00,2.07,mg/l,BOD,Biochemical Oxygen Demand
11784,2026-08-17T21:30:00.000Z,2026-08-17 21:30:00,4.32,mg/l,TOC,Total Organic Carbon
11788,2026-08-17T21:30:00.000Z,2026-08-17 21:30:00,0.3,mg/l,NO3,Nitrate
11800,2026-08-17T21:30:00.000Z,2026-08-17 21:30:00,100.62,m above MSL,S,Water Level
11820,2026-08-17T21:30:00.000Z,2026-08-17 21:30:00,9.55,mg/l,COD,Chemical Oxygen Demand
11808,2026-08-17T21:30:00.000Z,2026-08-17 21:30:00,11.22,mg/l,COD,Chemical Oxygen Demand
11788,2026-08-17T21:30:00.000Z,2026-08-17 21:30:00,162.6,mS/cm,EC,Conductivity
11803,2026-08-17T21:30:00.000Z,2026-08-17 21:30:00,0.81,m,Depth,Depth
11814,2026-08-17T20:30:00.000Z,2026-08-17 20:30:00,31.37,mg/l,CL,Chloride
11792,2026-08-17T21:30:00.000Z,2026-08-17 21:30:00,316.92,NTU,WTb,Water Turbidity
11799,2026-08-17T21:30:00.000Z,2026-08-17 21:30:00,35.86,mg/l,CL,Chloride
11822,2026-08-17T21:30:00.000Z,2026-08-17 21:30:00,247.4,mS/cm,EC,Conductivity
11802,2026-08-17T21:30:00.000Z,2026-08-17 21:30:00,8.24,---,pH,pH
11792,2026-08-17T21:30:00.000Z,2026-08-17 21:30:00,31.47,°C,WT,Water Temperature
11820,2026-08-17T21:30:00.000Z,2026-08-17 21:30:00,2.06,mg/l,BOD,Biochemical Oxygen Demand
11796,2026-08-17T21:30:00.000Z,2026-08-17 21:30:00,29.16,mg/l,CL,Chloride
11808,2026-08-17T21:30:00.000Z,2026-08-17 21:30:00,2.77,mg/l,BOD,Biochemical Oxygen Demand
11815,2026-08-17T21:30:00.000Z,2026-08-17 21:30:00,0.3,mg/l,NO3,Nitrate
11795,2026-08-17T21:30:00.000Z,2026-08-17 21:30:00,3.09,mg/l,NO3,Nitrate
11810,2026-08-17T21:30:00.000Z,2026-08-17 21:30:00,8.4,---,pH,pH
11804,2026-08-17T21:30:00.000Z,2026-08-17 21:30:00,7.8,---,pH,pH
11815,2026-08-17T21:30:00.000Z,2026-08-17 21:30:00,24.09,m above MSL,S,Water Level
11815,2026-08-17T21:30:00.000Z,2026-08-17 21:30:00,223.46,mS/cm,EC,Conductivity
11795,2026-08-17T21:30:00.000Z,2026-08-17 21:30:00,486.9,mS/cm,EC,Conductivity
11822,2026-08-17T21:30:00.000Z,2026-08-17 21:30:00,6.52,mg/l,DO,Dissolved Oxygen
11817,2026-08-17T21:30:00.000Z,2026-08-17 21:30:00,27.68,mg/l,CL,Chloride
11798,2026-08-17T21:30:00.000Z,2026-08-17 21:30:00,113.32,NTU,WTb,Water Turbidity
11788,2026-08-17T21:30:00.000Z,2026-08-17 21:30:00,8.42,mg/l,DO,Dissolved Oxygen
11818,2026-08-17T21:30:00.000Z,2026-08-17 21:30:00,0.76,m,Depth,Depth
11822,2026-08-17T21:30:00.000Z,2026-08-17 21:30:00,1.15,m,Depth,Depth
11784,2026-08-17T21:30:00.000Z,2026-08-17 21:30:00,8.12,---,pH,pH
11788,2026-08-17T21:30:00.000Z,2026-08-17 21:30:00,5.0,mg/l,COD,Chemical Oxygen Demand
11798,2026-08-17T21:30:00.000Z,2026-08-17 21:30:00,31.35,°C,WT,Water Temperature
11810,2026-08-17T21:30:00.000Z,2026-08-17 21:30:00,0.3,mg/l,NO3,Nitrate
11804,2026-08-17T21:30:00.000Z,2026-08-17 21:30:00,0.3,mg/l,NO3,Nitrate
11802,2026-08-17T21:30:00.000Z,2026-08-17 21:30:00,4.13,mg/l,NO3,Nitrate
11792,2026-08-17T21:30:00.000Z,2026-08-17 21:30:00,5.89,mg/l,TOC,Total Organic Carbon
11822,2026-08-17T21:30:00.000Z,2026-08-17 21:30:00,12.96,mg/l,COD,Chemical Oxygen Demand
11797,2026-08-17T21:30:00.000Z,2026-08-17 21:30:00,69.82,m above MSL,S,Water Level
11802,2026-08-17T21:30:00.000Z,2026-08-17 21:30:00,639.7,mS/cm,EC,Conductivity
11813,2026-08-17T21:30:00.000Z,2026-08-17 21:30:00,277.47,NTU,WTb,Water Turbidity
11814,2026-08-17T20:30:00.000Z,2026-08-17 20:30:00,1.51,m,Depth,Depth
11807,2026-08-17T21:30:00.000Z,2026-08-17 21:30:00,103.13,NTU,WTb,Water Turbidity
11815,2026-08-17T21:30:00.000Z,2026-08-17 21:30:00,6.59,mg/l,DO,Dissolved Oxygen
11795,2026-08-17T21:30:00.000Z,2026-08-17 21:30:00,7.65,mg/l,DO,Dissolved Oxygen
11810,2026-08-17T21:30:00.000Z,2026-08-17 21:30:00,238.5,mS/cm,EC,Conductivity
11804,2026-08-17T21:30:00.000Z,2026-08-17 21:30:00,204.0,mS/cm,EC,Conductivity
11805,2026-08-17T21:30:00.000Z,2026-08-17 21:30:00,59.38,m above MSL,S,Water Level
11815,2026-08-17T21:30:00.000Z,2026-08-17 21:30:00,9.38,mg/l,COD,Chemical Oxygen Demand
11795,2026-08-17T21:30:00.000Z,2026-08-17 21:30:00,6.35,mg/l,COD,Chemical Oxygen Demand
11822,2026-08-17T21:30:00.000Z,2026-08-17 21:30:00,3.05,mg/l,BOD,Biochemical Oxygen Demand
11784,2026-08-17T21:30:00.000Z,2026-08-17 21:30:00,0.3,mg/l,NO3,Nitrate
11805,2026-08-17T21:30:00.000Z,2026-08-17 21:30:00,1.04,m,Depth,Depth
11788,2026-08-17T21:30:00.000Z,2026-08-17 21:30:00,0.5,mg/l,BOD,Biochemical Oxygen Demand
11798,2026-08-17T21:30:00.000Z,2026-08-17 21:30:00,7.7,mg/l,TOC,Total Organic Carbon
11813,2026-08-17T21:30:00.000Z,2026-08-17 21:30:00,30.77,°C,WT,Water Temperature
11807,2026-08-17T21:30:00.000Z,2026-08-17 21:30:00,30.8,°C,WT,Water Temperature
11784,2026-08-17T21:30:00.000Z,2026-08-17 21:30:00,345.24,mS/cm,EC,Conductivity
11789,2026-08-17T21:30:00.000Z,2026-08-17 21:30:00,74.92,NTU,WTb,Water Turbidity
11804,2026-08-17T21:30:00.000Z,2026-08-17 21:30:00,5.76,mg/l,CL,Chloride
11804,2026-08-17T21:30:00.000Z,2026-08-17 21:30:00,6.85,mg/l,DO,Dissolved Oxygen
11802,2026-08-17T21:30:00.000Z,2026-08-17 21:30:00,7.11,mg/l,DO,Dissolved Oxygen
11816,2026-08-17T21:30:00.000Z,2026-08-17 21:30:00,30.84,°C,WT,Water Temperature
11822,2026-08-17T21:30:00.000Z,2026-08-17 21:30:00,37.73,m above MSL,S,Water Level
11796,2026-08-17T21:30:00.000Z,2026-08-17 21:30:00,31.19,°C,WT,Water Temperature
11785,2026-08-17T17:30:00.000Z,2026-08-17 17:30:00,0.23,m,Depth,Depth
11785,2026-08-17T17:30:00.000Z,2026-08-17 17:30:00,1.0,mg/l,TOC,Total Organic Carbon
11800,2026-08-17T21:30:00.000Z,2026-08-17 21:30:00,4.09,mg/l,NO3,Nitrate
11786,2026-08-17T21:30:00.000Z,2026-08-17 21:30:00,5.0,mg/l,CL,Chloride
11790,2026-08-17T21:30:00.000Z,2026-08-17 21:30:00,11.5,mg/l,TOC,Total Organic Carbon
11821,2026-08-17T21:30:00.000Z,2026-08-17 21:30:00,6.79,---,pH,pH
11809,2026-08-17T21:30:00.000Z,2026-08-17 21:30:00,7.96,---,pH,pH
11790,2026-08-17T21:30:00.000Z,2026-08-17 21:30:00,80.44,mg/l,CL,Chloride
11800,2026-08-17T21:30:00.000Z,2026-08-17 21:30:00,578.9,mS/cm,EC,Conductivity
11802,2026-08-17T21:30:00.000Z,2026-08-17 21:30:00,0.73,m,Depth,Depth
11811,2026-08-17T21:30:00.000Z,2026-08-17 21:30:00,142.38,NTU,WTb,Water Turbidity
11821,2026-08-17T21:30:00.000Z,2026-08-17 21:30:00,5.0,mg/l,CL,Chloride
11805,2026-08-17T21:30:00.000Z,2026-08-17 21:30:00,195.06,NTU,WTb,Water Turbidity
11794,2026-08-17T21:30:00.000Z,2026-08-17 21:30:00,7.52,mg/l,DO,Dissolved Oxygen
11791,2026-08-17T21:30:00.000Z,2026-08-17 21:30:00,0.64,m,Depth,Depth
11794,2026-08-17T21:30:00.000Z,2026-08-17 21:30:00,6.43,mg/l,COD,Chemical Oxygen Demand
11821,2026-08-17T21:30:00.000Z,2026-08-17 21:30:00,0.3,mg/l,NO3,Nitrate
11809,2026-08-17T21:30:00.000Z,2026-08-17 21:30:00,0.3,mg/l,NO3,Nitrate
11816,2026-08-17T21:30:00.000Z,2026-08-17 21:30:00,3.32,mg/l,TOC,Total Organic Carbon
11796,2026-08-17T21:30:00.000Z,2026-08-17 21:30:00,5.57,mg/l,TOC,Total Organic Carbon
11811,2026-08-17T21:30:00.000Z,2026-08-17 21:30:00,27.16,°C,WT,Water Temperature
11818,2026-08-17T21:30:00.000Z,2026-08-17 21:30:00,22.03,mg/l,CL,Chloride
11805,2026-08-17T21:30:00.000Z,2026-08-17 21:30:00,30.68,°C,WT,Water Temperature
11819,2026-08-17T18:30:00.000Z,2026-08-17 18:30:00,61.11,m above MSL,S,Water Level
11800,2026-08-17T21:30:00.000Z,2026-08-17 21:30:00,6.78,mg/l,DO,Dissolved Oxygen
11821,2026-08-17T21:30:00.000Z,2026-08-17 21:30:00,443.3,mS/cm,EC,Conductivity
11809,2026-08-17T21:30:00.000Z,2026-08-17 21:30:00,141.0,mS/cm,EC,Conductivity
11800,2026-08-17T21:30:00.000Z,2026-08-17 21:30:00,21.35,mg/l,COD,Chemical Oxygen Demand
11790,2026-08-17T21:30:00.000Z,2026-08-17 21:30:00,7.3,---,pH,pH
11811,2026-08-17T21:30:00.000Z,2026-08-17 21:30:00,5.06,mg/l,TOC,Total Organic Carbon
11805,2026-08-17T21:30:00.000Z,2026-08-17 21:30:00,5.45,mg/l,TOC,Total Organic Carbon
11783,2026-08-17T21:30:00.000Z,2026-08-17 21:30:00,0.3,mg/l,NO3,Nitrate
11790,2026-08-17T21:30:00.000Z,2026-08-17 21:30:00,1.28,m,Depth,Depth
11793,2026-08-17T21:30:00.000Z,2026-08-17 21:30:00,96.03,mg/l,CL,Chloride
11794,2026-08-17T21:30:00.000Z,2026-08-17 21:30:00,1.69,mg/l,BOD,Biochemical Oxygen Demand
11785,2026-08-17T17:30:00.000Z,2026-08-17 17:30:00,7.91,---,pH,pH
11783,2026-08-17T21:30:00.000Z,2026-08-17 21:30:00,344.2,mS/cm,EC,Conductivity
11788,2026-08-17T21:30:00.000Z,2026-08-17 21:30:00,283.69,m above MSL,S,Water Level
11821,2026-08-17T21:30:00.000Z,2026-08-17 21:30:00,7.86,mg/l,DO,Dissolved Oxygen
11809,2026-08-17T21:30:00.000Z,2026-08-17 21:30:00,6.27,mg/l,DO,Dissolved Oxygen
11816,2026-08-17T21:30:00.000Z,2026-08-17 21:30:00,7.46,---,pH,pH
11796,2026-08-17T21:30:00.000Z,2026-08-17 21:30:00,8.23,---,pH,pH
11785,2026-08-17T17:30:00.000Z,2026-08-17 17:30:00,0.3,mg/l,NO3,Nitrate
11800,2026-08-17T21:30:00.000Z,2026-08-17 21:30:00,5.3,mg/l,BOD,Biochemical Oxygen Demand
11790,2026-08-17T21:30:00.000Z,2026-08-17 21:30:00,0.79,mg/l,NO3,Nitrate
11802,2026-08-17T21:30:00.000Z,2026-08-17 21:30:00,101.12,m above MSL,S,Water Level
11821,2026-08-17T21:30:00.000Z,2026-08-17 21:30:00,5.0,mg/l,COD,Chemical Oxygen Demand
11809,2026-08-17T21:30:00.000Z,2026-08-17 21:30:00,11.71,mg/l,COD,Chemical Oxygen Demand
11798,2026-08-17T21:30:00.000Z,2026-08-17 21:30:00,0.91,m,Depth,Depth
11790,2026-08-17T21:30:00.000Z,2026-08-17 21:30:00,672.45,mS/cm,EC,Conductivity
11783,2026-08-17T21:30:00.000Z,2026-08-17 21:30:00,5.11,mg/l,DO,Dissolved Oxygen
11793,2026-08-17T21:30:00.000Z,2026-08-17 21:30:00,65.59,NTU,WTb,Water Turbidity
11784,2026-08-17T21:30:00.000Z,2026-08-17 21:30:00,27.18,mg/l,CL,Chloride
11785,2026-08-17T17:30:00.000Z,2026-08-17 17:30:00,216.7,mS/cm,EC,Conductivity
11791,2026-08-17T21:30:00.000Z,2026-08-17 21:30:00,112.64,m above MSL,S,Water Level
11783,2026-08-17T21:30:00.000Z,2026-08-17 21:30:00,7.0,mg/l,COD,Chemical Oxygen Demand
11793,2026-08-17T21:30:00.000Z,2026-08-17 21:30:00,32.77,°C,WT,Water Temperature
11821,2026-08-17T21:30:00.000Z,2026-08-17 21:30:00,0.5,mg/l,BOD,Biochemical Oxygen Demand
11809,2026-08-17T21:30:00.000Z,2026-08-17 21:30:00,35.93,m above MSL,S,Water Level
11809,2026-08-17T21:30:00.000Z,2026-08-17 21:30:00,2.68,mg/l,BOD,Biochemical Oxygen Demand
11816,2026-08-17T21:30:00.000Z,2026-08-17 21:30:00,0.3,mg/l,NO3,Nitrate
11796,2026-08-17T21:30:00.000Z,2026-08-17 21:30:00,1.79,mg/l,NO3,Nitrate
11811,2026-08-17T21:30:00.000Z,2026-08-17 21:30:00,7.48,---,pH,pH
11805,2026-08-17T21:30:00.000Z,2026-08-17 21:30:00,7.28,---,pH,pH
11816,2026-08-17T21:30:00.000Z,2026-08-17 21:30:00,257.68,mS/cm,EC,Conductivity
11796,2026-08-17T21:30:00.000Z,2026-08-17 21:30:00,277.9,mS/cm,EC,Conductivity
11785,2026-08-17T17:30:00.000Z,2026-08-17 17:30:00,1.45,mg/l,DO,Dissolved Oxygen
11799,2026-08-17T21:30:00.000Z,2026-08-17 21:30:00,133.38,NTU,WTb,Water Turbidity
11790,2026-08-17T21:30:00.000Z,2026-08-17 21:30:00,2.86,mg/l,DO,Dissolved Oxygen
11808,2026-08-17T21:30:00.000Z,2026-08-17 21:30:00,23.78,mg/l,CL,Chloride
11799,2026-08-17T21:30:00.000Z,2026-08-17 21:30:00,31.4,°C,WT,Water Temperature
11790,2026-08-17T21:30:00.000Z,2026-08-17 21:30:00,19.54,mg/l,COD,Chemical Oxygen Demand
11811,2026-08-17T21:30:00.000Z,2026-08-17 21:30:00,0.3,mg/l,NO3,Nitrate
11805,2026-08-17T21:30:00.000Z,2026-08-17 21:30:00,0.3,mg/l,NO3,Nitrate
11796,2026-08-17T21:30:00.000Z,2026-08-17 21:30:00,0.88,m,Depth,Depth
11806,2026-08-17T21:30:00.000Z,2026-08-17 21:30:00,42.4,m above MSL,S,Water Level
11783,2026-08-17T21:30:00.000Z,2026-08-17 21:30:00,1.27,mg/l,BOD,Biochemical Oxygen Demand
11808,2026-08-17T21:30:00.000Z,2026-08-17 21:30:00,0.8,m,Depth,Depth
11793,2026-08-17T21:30:00.000Z,2026-08-17 21:30:00,10.51,mg/l,TOC,Total Organic Carbon
11785,2026-08-17T17:30:00.000Z,2026-08-17 17:30:00,5.0,mg/l,COD,Chemical Oxygen Demand
11817,2026-08-17T21:30:00.000Z,2026-08-17 21:30:00,3.99,m,Depth,Depth
11805,2026-08-17T21:30:00.000Z,2026-08-17 21:30:00,22.55,mg/l,CL,Chloride
11820,2026-08-17T21:30:00.000Z,2026-08-17 21:30:00,310.2,NTU,WTb,Water Turbidity
11808,2026-08-17T21:30:00.000Z,2026-08-17 21:30:00,79.2,NTU,WTb,Water Turbidity
11816,2026-08-17T21:30:00.000Z,2026-08-17 21:30:00,6.53,mg/l,DO,Dissolved Oxygen
11796,2026-08-17T21:30:00.000Z,2026-08-17 21:30:00,8.02,mg/l,DO,Dissolved Oxygen
11811,2026-08-17T21:30:00.000Z,2026-08-17 21:30:00,195.9,mS/cm,EC,Conductivity
11805,2026-08-17T21:30:00.000Z,2026-08-17 21:30:00,326.32,mS/cm,EC,Conductivity
11811,2026-08-17T21:30:00.000Z,2026-08-17 21:30:00,5.04,mg/l,CL,Chloride
11816,2026-08-17T21:30:00.000Z,2026-08-17 21:30:00,6.47,mg/l,COD,Chemical Oxygen Demand
11796,2026-08-17T21:30:00.000Z,2026-08-17 21:30:00,13.06,mg/l,COD,Chemical Oxygen Demand
11785,2026-08-17T17:30:00.000Z,2026-08-17 17:30:00,0.5,mg/l,BOD,Biochemical Oxygen Demand
11799,2026-08-17T21:30:00.000Z,2026-08-17 21:30:00,4.15,mg/l,TOC,Total Organic Carbon
11790,2026-08-17T21:30:00.000Z,2026-08-17 21:30:00,4.59,mg/l,BOD,Biochemical Oxygen Demand
11820,2026-08-17T21:30:00.000Z,2026-08-17 21:30:00,30.68,°C,WT,Water Temperature
11785,2026-08-17T17:30:00.000Z,2026-08-17 17:30:00,600.18,m above MSL,S,Water Level
11808,2026-08-17T21:30:00.000Z,2026-08-17 21:30:00,30.04,°C,WT,Water Temperature
11789,2026-08-17T21:30:00.000Z,2026-08-17 21:30:00,0.27,m,Depth,Depth
11811,2026-08-17T21:30:00.000Z,2026-08-17 21:30:00,7.29,mg/l,DO,Dissolved Oxygen
11805,2026-08-17T21:30:00.000Z,2026-08-17 21:30:00,6.05,mg/l,DO,Dissolved Oxygen
11803,2026-08-17T21:30:00.000Z,2026-08-17 21:30:00,7.86,mg/l,DO,Dissolved Oxygen
11793,2026-08-17T21:30:00.000Z,2026-08-17 21:30:00,1.45,m,Depth,Depth
11812,2026-08-17T21:30:00.000Z,2026-08-17 21:30:00,135.5,m above MSL,S,Water Level
11803,2026-08-17T21:30:00.000Z,2026-08-17 21:30:00,18.7,mg/l,COD,Chemical Oxygen Demand
11793,2026-08-17T21:30:00.000Z,2026-08-17 21:30:00,7.51,---,pH,pH
11820,2026-08-17T21:30:00.000Z,2026-08-17 21:30:00,4.15,mg/l,TOC,Total Organic Carbon
11808,2026-08-17T21:30:00.000Z,2026-08-17 21:30:00,5.48,mg/l,TOC,Total Organic Carbon
11816,2026-08-17T21:30:00.000Z,2026-08-17 21:30:00,1.47,mg/l,BOD,Biochemical Oxygen Demand
11796,2026-08-17T21:30:00.000Z,2026-08-17 21:30:00,2.71,mg/l,BOD,Biochemical Oxygen Demand
11811,2026-08-17T21:30:00.000Z,2026-08-17 21:30:00,11.38,mg/l,COD,Chemical Oxygen Demand
11805,2026-08-17T21:30:00.000Z,2026-08-17 21:30:00,12.2,mg/l,COD,Chemical Oxygen Demand
11822,2026-08-17T21:30:00.000Z,2026-08-17 21:30:00,290.1,NTU,WTb,Water Turbidity
11788,2026-08-17T21:30:00.000Z,2026-08-17 21:30:00,556.73,NTU,WTb,Water Turbidity
11814,2026-08-17T20:30:00.000Z,2026-08-17 20:30:00,6.83,mg/l,COD,Chemical Oxygen Demand
11818,2026-08-17T21:30:00.000Z,2026-08-17 21:30:00,6.67,mg/l,COD,Chemical Oxygen Demand
11787,2026-08-17T21:30:00.000Z,2026-08-17 21:30:00,0.5,mg/l,BOD,Biochemical Oxygen Demand
11819,2026-08-17T18:30:00.000Z,2026-08-17 18:30:00,2.73,mg/l,BOD,Biochemical Oxygen Demand
11816,2026-08-17T21:30:00.000Z,2026-08-17 21:30:00,12.04,m above MSL,S,Water Level
11817,2026-08-17T21:30:00.000Z,2026-08-17 21:30:00,3.48,mg/l,TOC,Total Organic Carbon
11797,2026-08-17T21:30:00.000Z,2026-08-17 21:30:00,7.89,mg/l,TOC,Total Organic Carbon
11795,2026-08-17T21:30:00.000Z,2026-08-17 21:30:00,0.78,m,Depth,Depth
11812,2026-08-17T21:30:00.000Z,2026-08-17 21:30:00,28.37,°C,WT,Water Temperature
11806,2026-08-17T21:30:00.000Z,2026-08-17 21:30:00,31.73,°C,WT,Water Temperature
11804,2026-08-17T21:30:00.000Z,2026-08-17 21:30:00,1.3,m,Depth,Depth
11801,2026-08-17T21:30:00.000Z,2026-08-17 21:30:00,7.03,mg/l,DO,Dissolved Oxygen
11801,2026-08-17T21:30:00.000Z,2026-08-17 21:30:00,12.81,mg/l,COD,Chemical Oxygen Demand
11815,2026-08-17T21:30:00.000Z,2026-08-17 21:30:00,21.6,mg/l,CL,Chloride
11791,2026-08-17T21:30:00.000Z,2026-08-17 21:30:00,8.92,---,pH,pH
11803,2026-08-17T21:30:00.000Z,2026-08-17 21:30:00,170.73,m above MSL,S,Water Level
11812,2026-08-17T21:30:00.000Z,2026-08-17 21:30:00,2.75,mg/l,TOC,Total Organic Carbon
11807,2026-08-17T21:30:00.000Z,2026-08-17 21:30:00,0.88,m,Depth,Depth
11806,2026-08-17T21:30:00.000Z,2026-08-17 21:30:00,12.69,mg/l,TOC,Total Organic Carbon
11814,2026-08-17T20:30:00.000Z,2026-08-17 20:30:00,1.25,mg/l,BOD,Biochemical Oxygen Demand
11818,2026-08-17T21:30:00.000Z,2026-08-17 21:30:00,1.57,mg/l,BOD,Biochemical Oxygen Demand
11802,2026-08-17T21:30:00.000Z,2026-08-17 21:30:00,62.46,mg/l,CL,Chloride
11786,2026-08-17T21:30:00.000Z,2026-08-17 21:30:00,251.56,NTU,WTb,Water Turbidity
11810,2026-08-17T21:30:00.000Z,2026-08-17 21:30:00,6.93,mg/l,DO,Dissolved Oxygen
11810,2026-08-17T21:30:00.000Z,2026-08-17 21:30:00,0.69,m,Depth,Depth
11817,2026-08-17T21:30:00.000Z,2026-08-17 21:30:00,7.83,---,pH,pH
11797,2026-08-17T21:30:00.000Z,2026-08-17 21:30:00,8.17,---,pH,pH
11800,2026-08-17T21:30:00.000Z,2026-08-17 21:30:00,61.74,mg/l,CL,Chloride
11786,2026-08-17T21:30:00.000Z,2026-08-17 21:30:00,0.3,mg/l,NO3,Nitrate
11801,2026-08-17T21:30:00.000Z,2026-08-17 21:30:00,2.86,mg/l,BOD,Biochemical Oxygen Demand
11791,2026-08-17T21:30:00.000Z,2026-08-17 21:30:00,2.2,mg/l,NO3,Nitrate
11786,2026-08-17T21:30:00.000Z,2026-08-17 21:30:00,13.92,°C,WT,Water Temperature
11810,2026-08-17T21:30:00.000Z,2026-08-17 21:30:00,11.51,mg/l,COD,Chemical Oxygen Demand
11791,2026-08-17T21:30:00.000Z,2026-08-17 21:30:00,251.65,mS/cm,EC,Conductivity
11801,2026-08-17T21:30:00.000Z,2026-08-17 21:30:00,100.62,m above MSL,S,Water Level
11815,2026-08-17T21:30:00.000Z,2026-08-17 21:30:00,2.07,m,Depth,Depth
11803,2026-08-17T21:30:00.000Z,2026-08-17 21:30:00,55.97,NTU,WTb,Water Turbidity
11794,2026-08-17T21:30:00.000Z,2026-08-17 21:30:00,72.97,NTU,WTb,Water Turbidity
11786,2026-08-17T21:30:00.000Z,2026-08-17 21:30:00,181.1,mS/cm,EC,Conductivity
11795,2026-08-17T21:30:00.000Z,2026-08-17 21:30:00,90.77,m above MSL,S,Water Level
11803,2026-08-17T21:30:00.000Z,2026-08-17 21:30:00,29.47,°C,WT,Water Temperature
11794,2026-08-17T21:30:00.000Z,2026-08-17 21:30:00,32.68,°C,WT,Water Temperature
11786,2026-08-17T21:30:00.000Z,2026-08-17 21:30:00,1.0,mg/l,TOC,Total Organic Carbon
11810,2026-08-17T21:30:00.000Z,2026-08-17 21:30:00,2.06,mg/l,BOD,Biochemical Oxygen Demand
11817,2026-08-17T21:30:00.000Z,2026-08-17 21:30:00,0.3,mg/l,NO3,Nitrate
11797,2026-08-17T21:30:00.000Z,2026-08-17 21:30:00,2.15,mg/l,NO3,Nitrate
11812,2026-08-17T21:30:00.000Z,2026-08-17 21:30:00,8.52,---,pH,pH
11797,2026-08-17T21:30:00.000Z,2026-08-17 21:30:00,38.61,mg/l,CL,Chloride
11806,2026-08-17T21:30:00.000Z,2026-08-17 21:30:00,6.94,---,pH,pH
11817,2026-08-17T21:30:00.000Z,2026-08-17 21:30:00,235.72,mS/cm,EC,Conductivity
11797,2026-08-17T21:30:00.000Z,2026-08-17 21:30:00,441.9,mS/cm,EC,Conductivity
11786,2026-08-17T21:30:00.000Z,2026-08-17 21:30:00,8.38,mg/l,DO,Dissolved Oxygen
11800,2026-08-17T21:30:00.000Z,2026-08-17 21:30:00,71.43,NTU,WTb,Water Turbidity
11791,2026-08-17T21:30:00.000Z,2026-08-17 21:30:00,8.12,mg/l,DO,Dissolved Oxygen
11798,2026-08-17T21:30:00.000Z,2026-08-17 21:30:00,62.11,m above MSL,S,Water Level
11786,2026-08-17T21:30:00.000Z,2026-08-17 21:30:00,8.23,---,pH,pH
11800,2026-08-17T21:30:00.000Z,2026-08-17 21:30:00,31.27,°C,WT,Water Temperature
11791,2026-08-17T21:30:00.000Z,2026-08-17 21:30:00,16.95,mg/l,COD,Chemical Oxygen Demand
11812,2026-08-17T21:30:00.000Z,2026-08-17 21:30:00,0.3,mg/l,NO3,Nitrate
11806,2026-08-17T21:30:00.000Z,2026-08-17 21:30:00,0.3,mg/l,NO3,Nitrate
11803,2026-08-17T21:30:00.000Z,2026-08-17 21:30:00,10.99,mg/l,TOC,Total Organic Carbon
11794,2026-08-17T21:30:00.000Z,2026-08-17 21:30:00,3.55,mg/l,TOC,Total Organic Carbon
11786,2026-08-17T21:30:00.000Z,2026-08-17 21:30:00,5.0,mg/l,COD,Chemical Oxygen Demand
11789,2026-08-17T21:30:00.000Z,2026-08-17 21:30:00,206.29,m above MSL,S,Water Level
11821,2026-08-17T21:30:00.000Z,2026-08-17 21:30:00,323.66,NTU,WTb,Water Turbidity
11809,2026-08-17T21:30:00.000Z,2026-08-17 21:30:00,488.1,NTU,WTb,Water Turbidity
11809,2026-08-17T21:30:00.000Z,2026-08-17 21:30:00,1.12,m,Depth,Depth
11817,2026-08-17T21:30:00.000Z,2026-08-17 21:30:00,6.68,mg/l,DO,Dissolved Oxygen
11797,2026-08-17T21:30:00.000Z,2026-08-17 21:30:00,7.47,mg/l,DO,Dissolved Oxygen
11812,2026-08-17T21:30:00.000Z,2026-08-17 21:30:00,311.75,mS/cm,EC,Conductivity
11806,2026-08-17T21:30:00.000Z,2026-08-17 21:30:00,252.7,mS/cm,EC,Conductivity
11817,2026-08-17T21:30:00.000Z,2026-08-17 21:30:00,6.35,mg/l,COD,Chemical Oxygen Demand
11797,2026-08-17T21:30:00.000Z,2026-08-17 21:30:00,15.62,mg/l,COD,Chemical Oxygen Demand
11786,2026-08-17T21:30:00.000Z,2026-08-17 21:30:00,0.5,mg/l,BOD,Biochemical Oxygen Demand
11813,2026-08-17T21:30:00.000Z,2026-08-17 21:30:00,36.58,m above MSL,S,Water Level
11800,2026-08-17T21:30:00.000Z,2026-08-17 21:30:00,9.74,mg/l,TOC,Total Organic Carbon
11791,2026-08-17T21:30:00.000Z,2026-08-17 21:30:00,3.99,mg/l,BOD,Biochemical Oxygen Demand
11821,2026-08-17T21:30:00.000Z,2026-08-17 21:30:00,16.71,°C,WT,Water Temperature
11809,2026-08-17T21:30:00.000Z,2026-08-17 21:30:00,29.27,°C,WT,Water Temperature
11800,2026-08-17T21:30:00.000Z,2026-08-17 21:30:00,1.12,m,Depth,Depth
11812,2026-08-17T21:30:00.000Z,2026-08-17 21:30:00,6.85,mg/l,DO,Dissolved Oxygen
11806,2026-08-17T21:30:00.000Z,2026-08-17 21:30:00,2.59,mg/l,DO,Dissolved Oxygen
11812,2026-08-17T21:30:00.000Z,2026-08-17 21:30:00,5.0,mg/l,CL,Chloride
11803,2026-08-17T21:30:00.000Z,2026-08-17 21:30:00,7.86,---,pH,pH
11794,2026-08-17T21:30:00.000Z,2026-08-17 21:30:00,7.45,---,pH,pH
11821,2026-08-17T21:30:00.000Z,2026-08-17 21:30:00,1.0,mg/l,TOC,Total Organic Carbon
11809,2026-08-17T21:30:00.000Z,2026-08-17 21:30:00,5.36,mg/l,TOC,Total Organic Carbon
11817,2026-08-17T21:30:00.000Z,2026-08-17 21:30:00,1.46,mg/l,BOD,Biochemical Oxygen Demand
11797,2026-08-17T21:30:00.000Z,2026-08-17 21:30:00,3.23,mg/l,BOD,Biochemical Oxygen Demand
11822,2026-08-17T21:30:00.000Z,2026-08-17 21:30:00,17.59,mg/l,CL,Chloride
11812,2026-08-17T21:30:00.000Z,2026-08-17 21:30:00,5.5,mg/l,COD,Chemical Oxygen Demand
11806,2026-08-17T21:30:00.000Z,2026-08-17 21:30:00,25.86,mg/l,COD,Chemical Oxygen Demand
11785,2026-08-17T17:30:00.000Z,2026-08-17 17:30:00,1.71,NTU,WTb,Water Turbidity
11791,2026-08-17T21:30:00.000Z,2026-08-17 21:30:00,25.08,mg/l,CL,Chloride
11790,2026-08-17T21:30:00.000Z,2026-08-17 21:30:00,41.6,NTU,WTb,Water Turbidity
11783,2026-08-17T21:30:00.000Z,2026-08-17 21:30:00,67.93,m above MSL,S,Water Level
11800,2026-08-17T21:30:00.000Z,2026-08-17 21:30:00,8.56,---,pH,pH
11790,2026-08-17T21:30:00.000Z,2026-08-17 21:30:00,32.21,°C,WT,Water Temperature
11812,2026-08-17T21:30:00.000Z,2026-08-17 21:30:00,0.91,mg/l,BOD,Biochemical Oxygen Demand
11819,2026-08-17T18:30:00.000Z,2026-08-17 18:30:00,109.0,mg/l,CL,Chloride
11784,2026-08-17T21:30:00.000Z,2026-08-17 21:30:00,0.94,m,Depth,Depth
11806,2026-08-17T21:30:00.000Z,2026-08-17 21:30:00,6.33,mg/l,BOD,Biochemical Oxygen Demand
11803,2026-08-17T21:30:00.000Z,2026-08-17 21:30:00,5.87,mg/l,NO3,Nitrate
11794,2026-08-17T21:30:00.000Z,2026-08-17 21:30:00,0.74,mg/l,NO3,Nitrate
11785,2026-08-17T17:30:00.000Z,2026-08-17 17:30:00,26.37,°C,WT,Water Temperature
11803,2026-08-17T21:30:00.000Z,2026-08-17 21:30:00,196.0,mS/cm,EC,Conductivity
11794,2026-08-17T21:30:00.000Z,2026-08-17 21:30:00,238.32,mS/cm,EC,Conductivity
11816,2026-08-17T21:30:00.000Z,2026-08-17 21:30:00,154.55,NTU,WTb,Water Turbidity
11796,2026-08-17T21:30:00.000Z,2026-08-17 21:30:00,241.64,NTU,WTb,Water Turbidity
11802,2026-08-17T21:30:00.000Z,2026-08-17 21:30:00,16.56,mg/l,COD,Chemical Oxygen Demand
11792,2026-08-17T21:30:00.000Z,2026-08-17 21:30:00,7.7,---,pH,pH
11813,2026-08-17T21:30:00.000Z,2026-08-17 21:30:00,4.09,mg/l,TOC,Total Organic Carbon
11807,2026-08-17T21:30:00.000Z,2026-08-17 21:30:00,5.35,mg/l,TOC,Total Organic Carbon
11815,2026-08-17T21:30:00.000Z,2026-08-17 21:30:00,2.13,mg/l,BOD,Biochemical Oxygen Demand
11795,2026-08-17T21:30:00.000Z,2026-08-17 21:30:00,1.51,mg/l,BOD,Biochemical Oxygen Demand
11789,2026-08-17T21:30:00.000Z,2026-08-17 21:30:00,30.36,°C,WT,Water Temperature
11801,2026-08-17T21:30:00.000Z,2026-08-17 21:30:00,43.67,mg/l,CL,Chloride
11804,2026-08-17T21:30:00.000Z,2026-08-17 21:30:00,11.43,mg/l,COD,Chemical Oxygen Demand
11819,2026-08-17T18:30:00.000Z,2026-08-17 18:30:00,149.6,NTU,WTb,Water Turbidity
11787,2026-08-17T21:30:00.000Z,2026-08-17 21:30:00,499.12,NTU,WTb,Water Turbidity
11786,2026-08-17T21:30:00.000Z,2026-08-17 21:30:00,641.41,m above MSL,S,Water Level
11784,2026-08-17T21:30:00.000Z,2026-08-17 21:30:00,6.43,mg/l,DO,Dissolved Oxygen
11804,2026-08-17T21:30:00.000Z,2026-08-17 21:30:00,57.12,m above MSL,S,Water Level
11784,2026-08-17T21:30:00.000Z,2026-08-17 21:30:00,9.76,mg/l,COD,Chemical Oxygen Demand
11788,2026-08-17T21:30:00.000Z,2026-08-17 21:30:00,1.08,m,Depth,Depth
11798,2026-08-17T21:30:00.000Z,2026-08-17 21:30:00,8.5,---,pH,pH
11789,2026-08-17T21:30:00.000Z,2026-08-17 21:30:00,7.16,mg/l,TOC,Total Organic Carbon
11804,2026-08-17T21:30:00.000Z,2026-08-17 21:30:00,2.42,mg/l,BOD,Biochemical Oxygen Demand
11802,2026-08-17T21:30:00.000Z,2026-08-17 21:30:00,3.34,mg/l,BOD,Biochemical Oxygen Demand
11792,2026-08-17T21:30:00.000Z,2026-08-17 21:30:00,1.93,mg/l,NO3,Nitrate
11819,2026-08-17T18:30:00.000Z,2026-08-17 18:30:00,31.24,°C,WT,Water Temperature
11787,2026-08-17T21:30:00.000Z,2026-08-17 21:30:00,20.47,°C,WT,Water Temperature
11792,2026-08-17T21:30:00.000Z,2026-08-17 21:30:00,227.8,mS/cm,EC,Conductivity
11814,2026-08-17T20:30:00.000Z,2026-08-17 20:30:00,2.88,NTU,WTb,Water Turbidity
11818,2026-08-17T21:30:00.000Z,2026-08-17 21:30:00,130.03,NTU,WTb,Water Turbidity
11814,2026-08-17T20:30:00.000Z,2026-08-17 20:30:00,29.98,°C,WT,Water Temperature
11818,2026-08-17T21:30:00.000Z,2026-08-17 21:30:00,30.31,°C,WT,Water Temperature
11819,2026-08-17T18:30:00.000Z,2026-08-17 18:30:00,5.47,mg/l,TOC,Total Organic Carbon
11787,2026-08-17T21:30:00.000Z,2026-08-17 21:30:00,1.0,mg/l,TOC,Total Organic Carbon
11784,2026-08-17T21:30:00.000Z,2026-08-17 21:30:00,1.73,mg/l,BOD,Biochemical Oxygen Demand
11798,2026-08-17T21:30:00.000Z,2026-08-17 21:30:00,2.5,mg/l,NO3,Nitrate
11813,2026-08-17T21:30:00.000Z,2026-08-17 21:30:00,8.17,---,pH,pH
11810,2026-08-17T21:30:00.000Z,2026-08-17 21:30:00,55.41,m above MSL,S,Water Level
11807,2026-08-17T21:30:00.000Z,2026-08-17 21:30:00,7.5,---,pH,pH
11809,2026-08-17T21:30:00.000Z,2026-08-17 21:30:00,5.0,mg/l,CL,Chloride
11798,2026-08-17T21:30:00.000Z,2026-08-17 21:30:00,476.4,mS/cm,EC,Conductivity
11801,2026-08-17T21:30:00.000Z,2026-08-17 21:30:00,80.33,NTU,WTb,Water Turbidity
11792,2026-08-17T21:30:00.000Z,2026-08-17 21:30:00,6.29,mg/l,DO,Dissolved Oxygen
11801,2026-08-17T21:30:00.000Z,2026-08-17 21:30:00,32.3,°C,WT,Water Temperature
11792,2026-08-17T21:30:00.000Z,2026-08-17 21:30:00,11.46,mg/l,COD,Chemical Oxygen Demand
11801,2026-08-17T21:30:00.000Z,2026-08-17 21:30:00,1.0,m,Depth,Depth
11813,2026-08-17T21:30:00.000Z,2026-08-17 21:30:00,0.3,mg/l,NO3,Nitrate
11807,2026-08-17T21:30:00.000Z,2026-08-17 21:30:00,0.3,mg/l,NO3,Nitrate
11814,2026-08-17T20:30:00.000Z,2026-08-17 20:30:00,2.41,mg/l,TOC,Total Organic Carbon
11806,2026-08-17T21:30:00.000Z,2026-08-17 21:30:00,18.08,mg/l,CL,Chloride
11818,2026-08-17T21:30:00.000Z,2026-08-17 21:30:00,3.54,mg/l,TOC,Total Organic Carbon
11789,2026-08-17T21:30:00.000Z,2026-08-17 21:30:00,7.61,---,pH,pH
11807,2026-08-17T21:30:00.000Z,2026-08-17 21:30:00,51.5,m above MSL,S,Water Level
11783,2026-08-17T21:30:00.000Z,2026-08-17 21:30:00,8.31,NTU,WTb,Water Turbidity
11798,2026-08-17T21:30:00.000Z,2026-08-17 21:30:00,6.94,mg/l,DO,Dissolved Oxygen
11813,2026-08-17T21:30:00.000Z,2026-08-17 21:30:00,219.6,mS/cm,EC,Conductivity
11807,2026-08-17T21:30:00.000Z,2026-08-17 21:30:00,245.81,mS/cm,EC,Conductivity
11783,2026-08-17T21:30:00.000Z,2026-08-17 21:30:00,30.45,°C,WT,Water Temperature
11821,2026-08-17T21:30:00.000Z,2026-08-17 21:30:00,0.57,m,Depth,Depth
11798,2026-08-17T21:30:00.000Z,2026-08-17 21:30:00,15.59,mg/l,COD,Chemical Oxygen Demand
11783,2026-08-17T21:30:00.000Z,2026-08-17 21:30:00,37.26,mg/l,CL,Chloride
11789,2026-08-17T21:30:00.000Z,2026-08-17 21:30:00,5.02,mg/l,NO3,Nitrate
11801,2026-08-17T21:30:00.000Z,2026-08-17 21:30:00,5.96,mg/l,TOC,Total Organic Carbon
11813,2026-08-17T21:30:00.000Z,2026-08-17 21:30:00,0.68,m,Depth,Depth
11792,2026-08-17T21:30:00.000Z,2026-08-17 21:30:00,2.83,mg/l,BOD,Biochemical Oxygen Demand
11787,2026-08-17T21:30:00.000Z,2026-08-17 21:30:00,8.21,---,pH,pH
11819,2026-08-17T18:30:00.000Z,2026-08-17 18:30:00,7.61,---,pH,pH
11784,2026-08-17T21:30:00.000Z,2026-08-17 21:30:00,308.54,m above MSL,S,Water Level
11813,2026-08-17T21:30:00.000Z,2026-08-17 21:30:00,6.64,mg/l,DO,Dissolved Oxygen
11796,2026-08-17T21:30:00.000Z,2026-08-17 21:30:00,93.49,m above MSL,S,Water Level
11807,2026-08-17T21:30:00.000Z,2026-08-17 21:30:00,6.44,mg/l,DO,Dissolved Oxygen
11789,2026-08-17T21:30:00.000Z,2026-08-17 21:30:00,511.2,mS/cm,EC,Conductivity
11814,2026-08-17T20:30:00.000Z,2026-08-17 20:30:00,8.25,---,pH,pH
11818,2026-08-17T21:30:00.000Z,2026-08-17 21:30:00,7.49,---,pH,pH
11787,2026-08-17T21:30:00.000Z,2026-08-17 21:30:00,0.3,mg/l,NO3,Nitrate
11819,2026-08-17T18:30:00.000Z,2026-08-17 18:30:00,0.3,mg/l,NO3,Nitrate
11789,2026-08-17T21:30:00.000Z,2026-08-17 21:30:00,32.07,mg/l,CL,Chloride
11783,2026-08-17T21:30:00.000Z,2026-08-17 21:30:00,3.5,mg/l,TOC,Total Organic Carbon
11798,2026-08-17T21:30:00.000Z,2026-08-17 21:30:00,3.41,mg/l,BOD,Biochemical Oxygen Demand
11813,2026-08-17T21:30:00.000Z,2026-08-17 21:30:00,9.47,mg/l,COD,Chemical Oxygen Demand
11807,2026-08-17T21:30:00.000Z,2026-08-17 21:30:00,11.46,mg/l,COD,Chemical Oxygen Demand
11783,2026-08-17T21:30:00.000Z,2026-08-17 21:30:00,7.84,---,pH,pH
11797,2026-08-17T21:30:00.000Z,2026-08-17 21:30:00,0.82,m,Depth,Depth
11789,2026-08-17T21:30:00.000Z,2026-08-17 21:30:00,0.2,mg/l,DO,Dissolved Oxygen
11791,2026-08-17T21:30:00.000Z,2026-08-17 21:30:00,351.92,NTU,WTb,Water Turbidity
11788,2026-08-17T21:30:00.000Z,2026-08-17 21:30:00,5.0,mg/l,CL,Chloride
11787,2026-08-17T21:30:00.000Z,2026-08-17 21:30:00,139.82,mS/cm,EC,Conductivity
11819,2026-08-17T18:30:00.000Z,2026-08-17 18:30:00,449.67,mS/cm,EC,Conductivity
11801,2026-08-17T21:30:00.000Z,2026-08-17 21:30:00,8.07,---,pH,pH
11791,2026-08-17T21:30:00.000Z,2026-08-17 21:30:00,23.55,°C,WT,Water Temperature
11799,2026-08-17T21:30:00.000Z,2026-08-17 21:30:00,60.91,m above MSL,S,Water Level
11813,2026-08-17T21:30:00.000Z,2026-08-17 21:30:00,2.18,mg/l,BOD,Biochemical Oxygen Demand
11816,2026-08-17T21:30:00.000Z,2026-08-17 21:30:00,0.85,m,Depth,Depth
11790,2026-08-17T21:30:00.000Z,2026-08-17 21:30:00,207.21,m above MSL,S,Water Level
11807,2026-08-17T21:30:00.000Z,2026-08-17 21:30:00,2.59,mg/l,BOD,Biochemical Oxygen Demand
11814,2026-08-17T20:30:00.000Z,2026-08-17 20:30:00,0.3,mg/l,NO3,Nitrate
11819,2026-08-17T18:30:00.000Z,2026-08-17 18:30:00,0.77,m,Depth,Depth
11818,2026-08-17T21:30:00.000Z,2026-08-17 21:30:00,5.65,mg/l,NO3,Nitrate
11789,2026-08-17T21:30:00.000Z,2026-08-17 21:30:00,16.62,mg/l,COD,Chemical Oxygen Demand
11814,2026-08-17T20:30:00.000Z,2026-08-17 20:30:00,345.8,mS/cm,EC,Conductivity
11818,2026-08-17T21:30:00.000Z,2026-08-17 21:30:00,242.29,mS/cm,EC,Conductivity
11798,2026-08-17T21:30:00.000Z,2026-08-17 21:30:00,52.94,mg/l,CL,Chloride
11787,2026-08-17T21:30:00.000Z,2026-08-17 21:30:00,9.02,mg/l,DO,Dissolved Oxygen
11819,2026-08-17T18:30:00.000Z,2026-08-17 18:30:00,7.38,mg/l,DO,Dissolved Oxygen
11817,2026-08-17T21:30:00.000Z,2026-08-17 21:30:00,139.57,NTU,WTb,Water Turbidity
11797,2026-08-17T21:30:00.000Z,2026-08-17 21:30:00,88.81,NTU,WTb,Water Turbidity
11817,2026-08-17T21:30:00.000Z,2026-08-17 21:30:00,30.28,°C,WT,Water Temperature
11797,2026-08-17T21:30:00.000Z,2026-08-17 21:30:00,30.79,°C,WT,Water Temperature
11789,2026-08-17T21:30:00.000Z,2026-08-17 21:30:00,3.07,mg/l,BOD,Biochemical Oxygen Demand
11801,2026-08-17T21:30:00.000Z,2026-08-17 21:30:00,3.63,mg/l,NO3,Nitrate
11791,2026-08-17T21:30:00.000Z,2026-08-17 21:30:00,9.97,mg/l,TOC,Total Organic Carbon
11816,2026-08-17T21:30:00.000Z,2026-08-17 21:30:00,28.57,mg/l,CL,Chloride
11803,2026-08-17T21:30:00.000Z,2026-08-17 21:30:00,29.13,mg/l,CL,Chloride
11787,2026-08-17T21:30:00.000Z,2026-08-17 21:30:00,5.0,mg/l,COD,Chemical Oxygen Demand
11793,2026-08-17T21:30:00.000Z,2026-08-17 21:30:00,164.25,m above MSL,S,Water Level
11819,2026-08-17T18:30:00.000Z,2026-08-17 18:30:00,12.32,mg/l,COD,Chemical Oxygen Demand
11801,2026-08-17T21:30:00.000Z,2026-08-17 21:30:00,660.4,mS/cm,EC,Conductivity
11812,2026-08-17T21:30:00.000Z,2026-08-17 21:30:00,34.54,NTU,WTb,Water Turbidity
11806,2026-08-17T21:30:00.000Z,2026-08-17 21:30:00,34.38,NTU,WTb,Water Turbidity
11783,2026-08-17T21:30:00.000Z,2026-08-17 21:30:00,2.18,m,Depth,Depth
11814,2026-08-17T20:30:00.000Z,2026-08-17 20:30:00,131.02,m above MSL,S,Water Level
11811,2026-08-17T21:30:00.000Z,2026-08-17 21:30:00,0.99,m,Depth,Depth
11814,2026-08-17T20:30:00.000Z,2026-08-17 20:30:00,7.38,mg/l,DO,Dissolved Oxygen
11818,2026-08-17T21:30:00.000Z,2026-08-17 21:30:00,7.64,mg/l,DO,Dissolved Oxygen
11795,2026-08-17T21:30:00.000Z,2026-08-17 21:30:00,37.72,mg/l,CL,Chloride
