stationId,timestamp,timestampDate,value,unit,parameterNo,parameterName
11799,2026-04-12T06:30:00.000Z,2026-04-12 06:30:00,8.44,---,pH,pH
11788,2026-04-12T06:30:00.000Z,2026-04-12 06:30:00,19.59,°C,WT,Water Temperature
11811,2026-04-12T06:30:00.000Z,2026-04-12 06:30:00,3.32,mg/l,BOD,Biochemical Oxygen Demand
11805,2026-04-12T06:30:00.000Z,2026-04-12 06:30:00,2.58,mg/l,BOD,Biochemical Oxygen Demand
11799,2026-04-12T06:30:00.000Z,2026-04-12 06:30:00,0.89,m,Depth,Depth
11803,2026-04-12T06:30:00.000Z,2026-04-12 06:30:00,8.44,mg/l,BOD,Biochemical Oxygen Demand
11810,2026-04-12T06:30:00.000Z,2026-04-12 06:30:00,11.1,mg/l,CL,Chloride
11793,2026-04-12T06:30:00.000Z,2026-04-12 06:30:00,1.49,mg/l,NO3,Nitrate
11822,2026-04-12T06:30:00.000Z,2026-04-12 06:30:00,27.33,°C,WT,Water Temperature
11793,2026-04-12T06:30:00.000Z,2026-04-12 06:30:00,1632.0,mS/cm,EC,Conductivity
11811,2026-04-12T06:30:00.000Z,2026-04-12 06:30:00,55.16,m above MSL,S,Water Level
11815,2026-04-12T06:30:00.000Z,2026-04-12 06:30:00,14.27,NTU,WTb,Water Turbidity
11795,2026-04-12T06:30:00.000Z,2026-04-12 06:30:00,34.32,NTU,WTb,Water Turbidity
11815,2026-04-12T06:30:00.000Z,2026-04-12 06:30:00,30.31,°C,WT,Water Temperature
11795,2026-04-12T06:30:00.000Z,2026-04-12 06:30:00,29.7,°C,WT,Water Temperature
11807,2026-04-12T06:30:00.000Z,2026-04-12 06:30:00,69.3,mg/l,CL,Chloride
11822,2026-04-12T06:30:00.000Z,2026-04-12 06:30:00,10.79,mg/l,TOC,Total Organic Carbon
11799,2026-04-12T06:30:00.000Z,2026-04-12 06:30:00,2.05,mg/l,NO3,Nitrate
11788,2026-04-12T06:30:00.000Z,2026-04-12 06:30:00,1.0,mg/l,TOC,Total Organic Carbon
11820,2026-04-12T06:30:00.000Z,2026-04-12 06:30:00,8.22,---,pH,pH
11808,2026-04-12T06:30:00.000Z,2026-04-12 06:30:00,8.46,---,pH,pH
11799,2026-04-12T06:30:00.000Z,2026-04-12 06:30:00,625.04,mS/cm,EC,Conductivity
11810,2026-04-12T06:30:00.000Z,2026-04-12 06:30:00,43.01,NTU,WTb,Water Turbidity
11786,2026-04-12T06:30:00.000Z,2026-04-12 06:30:00,1.32,m,Depth,Depth
11804,2026-04-12T06:30:00.000Z,2026-04-12 06:30:00,13.53,NTU,WTb,Water Turbidity
11802,2026-04-12T06:30:00.000Z,2026-04-12 06:30:00,79.07,NTU,WTb,Water Turbidity
11808,2026-04-12T06:30:00.000Z,2026-04-12 06:30:00,38.32,m above MSL,S,Water Level
11793,2026-04-12T06:30:00.000Z,2026-04-12 06:30:00,3.54,mg/l,DO,Dissolved Oxygen
11802,2026-04-12T06:30:00.000Z,2026-04-12 06:30:00,29.0,°C,WT,Water Temperature
11785,2026-04-12T06:30:00.000Z,2026-04-12 06:30:00,5.0,mg/l,CL,Chloride
11793,2026-04-12T06:30:00.000Z,2026-04-12 06:30:00,20.35,mg/l,COD,Chemical Oxygen Demand
11820,2026-04-12T06:30:00.000Z,2026-04-12 06:30:00,0.3,mg/l,NO3,Nitrate
11821,2026-04-12T06:30:00.000Z,2026-04-12 06:30:00,640.68,m above MSL,S,Water Level
11808,2026-04-12T06:30:00.000Z,2026-04-12 06:30:00,0.3,mg/l,NO3,Nitrate
11815,2026-04-12T06:30:00.000Z,2026-04-12 06:30:00,3.52,mg/l,TOC,Total Organic Carbon
11795,2026-04-12T06:30:00.000Z,2026-04-12 06:30:00,3.9,mg/l,TOC,Total Organic Carbon
11810,2026-04-12T06:30:00.000Z,2026-04-12 06:30:00,28.87,°C,WT,Water Temperature
11804,2026-04-12T06:30:00.000Z,2026-04-12 06:30:00,28.32,°C,WT,Water Temperature
11799,2026-04-12T06:30:00.000Z,2026-04-12 06:30:00,8.86,mg/l,DO,Dissolved Oxygen
11806,2026-04-12T06:30:00.000Z,2026-04-12 06:30:00,1.2,m,Depth,Depth
11820,2026-04-12T06:30:00.000Z,2026-04-12 06:30:00,410.6,mS/cm,EC,Conductivity
11784,2026-04-12T06:30:00.000Z,2026-04-12 06:30:00,4.29,NTU,WTb,Water Turbidity
11808,2026-04-12T06:30:00.000Z,2026-04-12 06:30:00,556.9,mS/cm,EC,Conductivity
11799,2026-04-12T06:30:00.000Z,2026-04-12 06:30:00,19.46,mg/l,COD,Chemical Oxygen Demand
11812,2026-04-12T06:30:00.000Z,2026-04-12 06:30:00,0.78,m,Depth,Depth
11788,2026-04-12T06:30:00.000Z,2026-04-12 06:30:00,8.37,---,pH,pH
11810,2026-04-12T06:30:00.000Z,2026-04-12 06:30:00,4.83,mg/l,TOC,Total Organic Carbon
11784,2026-04-12T06:30:00.000Z,2026-04-12 06:30:00,26.21,°C,WT,Water Temperature
11804,2026-04-12T06:30:00.000Z,2026-04-12 06:30:00,5.43,mg/l,TOC,Total Organic Carbon
11802,2026-04-12T06:30:00.000Z,2026-04-12 06:30:00,8.43,mg/l,TOC,Total Organic Carbon
11793,2026-04-12T06:30:00.000Z,2026-04-12 06:30:00,4.79,mg/l,BOD,Biochemical Oxygen Demand
11822,2026-04-12T06:30:00.000Z,2026-04-12 06:30:00,8.49,---,pH,pH
11818,2026-04-12T06:30:00.000Z,2026-04-12 06:30:00,194.15,m above MSL,S,Water Level
11813,2026-04-12T06:30:00.000Z,2026-04-12 06:30:00,58.98,mg/l,CL,Chloride
11820,2026-04-12T06:30:00.000Z,2026-04-12 06:30:00,8.84,mg/l,DO,Dissolved Oxygen
11808,2026-04-12T06:30:00.000Z,2026-04-12 06:30:00,7.5,mg/l,DO,Dissolved Oxygen
11815,2026-04-12T06:30:00.000Z,2026-04-12 06:30:00,8.21,---,pH,pH
11795,2026-04-12T06:30:00.000Z,2026-04-12 06:30:00,8.23,---,pH,pH
11822,2026-04-12T06:30:00.000Z,2026-04-12 06:30:00,0.3,mg/l,NO3,Nitrate
11817,2026-04-12T05:30:00.000Z,2026-04-12 05:30:00,16.68,m above MSL,S,Water Level
11799,2026-04-12T06:30:00.000Z,2026-04-12 06:30:00,4.58,mg/l,BOD,Biochemical Oxygen Demand
11784,2026-04-12T06:30:00.000Z,2026-04-12 06:30:00,2.88,mg/l,TOC,Total Organic Carbon
11788,2026-04-12T06:30:00.000Z,2026-04-12 06:30:00,0.3,mg/l,NO3,Nitrate
11800,2026-04-12T06:30:00.000Z,2026-04-12 06:30:00,100.36,m above MSL,S,Water Level
11820,2026-04-12T06:30:00.000Z,2026-04-12 06:30:00,11.11,mg/l,COD,Chemical Oxygen Demand
11808,2026-04-12T06:30:00.000Z,2026-04-12 06:30:00,9.71,mg/l,COD,Chemical Oxygen Demand
11788,2026-04-12T06:30:00.000Z,2026-04-12 06:30:00,293.89,mS/cm,EC,Conductivity
11803,2026-04-12T06:30:00.000Z,2026-04-12 06:30:00,0.86,m,Depth,Depth
11792,2022-10-04T07:30:00.000Z,2022-10-04 07:30:00,0.0,NTU,WTb,Water Turbidity
11814,2026-04-12T06:30:00.000Z,2026-04-12 06:30:00,37.56,mg/l,CL,Chloride
11799,2026-04-12T06:30:00.000Z,2026-04-12 06:30:00,51.14,mg/l,CL,Chloride
11822,2026-04-12T06:30:00.000Z,2026-04-12 06:30:00,488.5,mS/cm,EC,Conductivity
11802,2026-04-12T06:30:00.000Z,2026-04-12 06:30:00,8.05,---,pH,pH
11792,2022-10-04T07:30:00.000Z,2022-10-04 07:30:00,0.0,°C,WT,Water Temperature
11820,2026-04-12T06:30:00.000Z,2026-04-12 06:30:00,2.33,mg/l,BOD,Biochemical Oxygen Demand
11796,2026-04-12T06:30:00.000Z,2026-04-12 06:30:00,52.22,mg/l,CL,Chloride
11808,2026-04-12T06:30:00.000Z,2026-04-12 06:30:00,2.15,mg/l,BOD,Biochemical Oxygen Demand
11815,2026-04-12T06:30:00.000Z,2026-04-12 06:30:00,0.3,mg/l,NO3,Nitrate
11795,2026-04-12T06:30:00.000Z,2026-04-12 06:30:00,3.91,mg/l,NO3,Nitrate
11810,2026-04-12T06:30:00.000Z,2026-04-12 06:30:00,8.47,---,pH,pH
11804,2026-04-12T06:30:00.000Z,2026-04-12 06:30:00,8.11,---,pH,pH
11815,2026-04-12T06:30:00.000Z,2026-04-12 06:30:00,24.14,m above MSL,S,Water Level
11815,2026-04-12T06:30:00.000Z,2026-04-12 06:30:00,412.35,mS/cm,EC,Conductivity
11795,2026-04-12T06:30:00.000Z,2026-04-12 06:30:00,1021.5,mS/cm,EC,Conductivity
11822,2026-04-12T06:30:00.000Z,2026-04-12 06:30:00,9.04,mg/l,DO,Dissolved Oxygen
11817,2026-04-12T05:30:00.000Z,2026-04-12 05:30:00,45.27,mg/l,CL,Chloride
11798,2026-04-12T06:30:00.000Z,2026-04-12 06:30:00,30.95,NTU,WTb,Water Turbidity
11788,2026-04-12T06:30:00.000Z,2026-04-12 06:30:00,9.23,mg/l,DO,Dissolved Oxygen
11818,2026-04-12T06:30:00.000Z,2026-04-12 06:30:00,0.71,m,Depth,Depth
11822,2026-04-12T06:30:00.000Z,2026-04-12 06:30:00,0.93,m,Depth,Depth
11784,2026-04-12T06:30:00.000Z,2026-04-12 06:30:00,8.37,---,pH,pH
11788,2026-04-12T06:30:00.000Z,2026-04-12 06:30:00,5.0,mg/l,COD,Chemical Oxygen Demand
11798,2026-04-12T06:30:00.000Z,2026-04-12 06:30:00,26.32,°C,WT,Water Temperature
11810,2026-04-12T06:30:00.000Z,2026-04-12 06:30:00,0.3,mg/l,NO3,Nitrate
11804,2026-04-12T06:30:00.000Z,2026-04-12 06:30:00,0.3,mg/l,NO3,Nitrate
11802,2026-04-12T06:30:00.000Z,2026-04-12 06:30:00,2.14,mg/l,NO3,Nitrate
11792,2022-10-04T07:30:00.000Z,2022-10-04 07:30:00,0.0,mg/l,TOC,Total Organic Carbon
11822,2026-04-12T06:30:00.000Z,2026-04-12 06:30:00,21.58,mg/l,COD,Chemical Oxygen Demand
11797,2026-04-12T06:30:00.000Z,2026-04-12 06:30:00,69.82,m above MSL,S,Water Level
11802,2026-04-12T06:30:00.000Z,2026-04-12 06:30:00,970.0,mS/cm,EC,Conductivity
11814,2026-04-12T06:30:00.000Z,2026-04-12 06:30:00,1.76,m,Depth,Depth
11813,2026-04-12T06:30:00.000Z,2026-04-12 06:30:00,21.77,NTU,WTb,Water Turbidity
11807,2026-04-12T06:30:00.000Z,2026-04-12 06:30:00,41.56,NTU,WTb,Water Turbidity
11815,2026-04-12T06:30:00.000Z,2026-04-12 06:30:00,10.59,mg/l,DO,Dissolved Oxygen
11795,2026-04-12T06:30:00.000Z,2026-04-12 06:30:00,9.02,mg/l,DO,Dissolved Oxygen
11810,2026-04-12T06:30:00.000Z,2026-04-12 06:30:00,205.5,mS/cm,EC,Conductivity
11804,2026-04-12T06:30:00.000Z,2026-04-12 06:30:00,335.6,mS/cm,EC,Conductivity
11805,2026-04-12T06:30:00.000Z,2026-04-12 06:30:00,59.38,m above MSL,S,Water Level
11815,2026-04-12T06:30:00.000Z,2026-04-12 06:30:00,7.73,mg/l,COD,Chemical Oxygen Demand
11795,2026-04-12T06:30:00.000Z,2026-04-12 06:30:00,7.81,mg/l,COD,Chemical Oxygen Demand
11822,2026-04-12T06:30:00.000Z,2026-04-12 06:30:00,5.39,mg/l,BOD,Biochemical Oxygen Demand
11784,2026-04-12T06:30:00.000Z,2026-04-12 06:30:00,0.3,mg/l,NO3,Nitrate
11805,2026-04-12T06:30:00.000Z,2026-04-12 06:30:00,0.83,m,Depth,Depth
11788,2026-04-12T06:30:00.000Z,2026-04-12 06:30:00,0.5,mg/l,BOD,Biochemical Oxygen Demand
11798,2026-04-12T06:30:00.000Z,2026-04-12 06:30:00,7.5,mg/l,TOC,Total Organic Carbon
11813,2026-04-12T06:30:00.000Z,2026-04-12 06:30:00,30.49,°C,WT,Water Temperature
11807,2026-04-12T06:30:00.000Z,2026-04-12 06:30:00,26.33,°C,WT,Water Temperature
11784,2026-04-12T06:30:00.000Z,2026-04-12 06:30:00,519.26,mS/cm,EC,Conductivity
11789,2026-04-12T06:30:00.000Z,2026-04-12 06:30:00,73.48,NTU,WTb,Water Turbidity
11804,2026-04-12T06:30:00.000Z,2026-04-12 06:30:00,15.43,mg/l,CL,Chloride
11804,2026-04-12T06:30:00.000Z,2026-04-12 06:30:00,9.21,mg/l,DO,Dissolved Oxygen
11802,2026-04-12T06:30:00.000Z,2026-04-12 06:30:00,8.43,mg/l,DO,Dissolved Oxygen
11816,2026-04-12T06:30:00.000Z,2026-04-12 06:30:00,28.79,°C,WT,Water Temperature
11822,2026-04-12T06:30:00.000Z,2026-04-12 06:30:00,62.86,m above MSL,S,Water Level
11785,2026-04-12T06:30:00.000Z,2026-04-12 06:30:00,1.21,m,Depth,Depth
11796,2026-04-12T06:30:00.000Z,2026-04-12 06:30:00,27.68,°C,WT,Water Temperature
11785,2026-04-12T06:30:00.000Z,2026-04-12 06:30:00,1.0,mg/l,TOC,Total Organic Carbon
11800,2026-04-12T06:30:00.000Z,2026-04-12 06:30:00,4.89,mg/l,NO3,Nitrate
11790,2026-04-12T06:30:00.000Z,2026-04-12 06:30:00,10.33,mg/l,TOC,Total Organic Carbon
11786,2026-04-12T06:30:00.000Z,2026-04-12 06:30:00,5.0,mg/l,CL,Chloride
11821,2026-04-12T06:30:00.000Z,2026-04-12 06:30:00,8.31,---,pH,pH
11809,2026-04-12T06:30:00.000Z,2026-04-12 06:30:00,7.91,---,pH,pH
11790,2026-04-12T06:30:00.000Z,2026-04-12 06:30:00,38.6,mg/l,CL,Chloride
11800,2026-04-12T06:30:00.000Z,2026-04-12 06:30:00,1130.0,mS/cm,EC,Conductivity
11802,2026-04-12T06:30:00.000Z,2026-04-12 06:30:00,0.73,m,Depth,Depth
11811,2026-04-12T06:30:00.000Z,2026-04-12 06:30:00,92.54,NTU,WTb,Water Turbidity
11805,2026-04-12T06:30:00.000Z,2026-04-12 06:30:00,840.43,NTU,WTb,Water Turbidity
11821,2026-04-12T06:30:00.000Z,2026-04-12 06:30:00,5.0,mg/l,CL,Chloride
11791,2022-07-05T10:30:00.000Z,2022-07-05 10:30:00,-0.05,m,Depth,Depth
11794,2026-04-12T06:30:00.000Z,2026-04-12 06:30:00,8.1,mg/l,DO,Dissolved Oxygen
11794,2026-04-12T06:30:00.000Z,2026-04-12 06:30:00,6.34,mg/l,COD,Chemical Oxygen Demand
11821,2026-04-12T06:30:00.000Z,2026-04-12 06:30:00,0.3,mg/l,NO3,Nitrate
11809,2026-04-12T06:30:00.000Z,2026-04-12 06:30:00,0.3,mg/l,NO3,Nitrate
11816,2026-04-12T06:30:00.000Z,2026-04-12 06:30:00,3.56,mg/l,TOC,Total Organic Carbon
11796,2026-04-12T06:30:00.000Z,2026-04-12 06:30:00,5.28,mg/l,TOC,Total Organic Carbon
11811,2026-04-12T06:30:00.000Z,2026-04-12 06:30:00,28.42,°C,WT,Water Temperature
11818,2026-04-12T06:30:00.000Z,2026-04-12 06:30:00,47.0,mg/l,CL,Chloride
11805,2026-04-12T06:30:00.000Z,2026-04-12 06:30:00,26.76,°C,WT,Water Temperature
11819,2026-04-12T06:30:00.000Z,2026-04-12 06:30:00,61.23,m above MSL,S,Water Level
11800,2026-04-12T06:30:00.000Z,2026-04-12 06:30:00,8.61,mg/l,DO,Dissolved Oxygen
11821,2026-04-12T06:30:00.000Z,2026-04-12 06:30:00,280.64,mS/cm,EC,Conductivity
11809,2026-04-12T06:30:00.000Z,2026-04-12 06:30:00,213.9,mS/cm,EC,Conductivity
11800,2026-04-12T06:30:00.000Z,2026-04-12 06:30:00,12.48,mg/l,COD,Chemical Oxygen Demand
11790,2026-04-12T06:30:00.000Z,2026-04-12 06:30:00,7.47,---,pH,pH
11811,2026-04-12T06:30:00.000Z,2026-04-12 06:30:00,6.56,mg/l,TOC,Total Organic Carbon
11805,2026-04-12T06:30:00.000Z,2026-04-12 06:30:00,5.17,mg/l,TOC,Total Organic Carbon
11783,2026-04-12T06:30:00.000Z,2026-04-12 06:30:00,0.3,mg/l,NO3,Nitrate
11790,2026-04-12T06:30:00.000Z,2026-04-12 06:30:00,0.92,m,Depth,Depth
11793,2026-04-12T06:30:00.000Z,2026-04-12 06:30:00,199.99,mg/l,CL,Chloride
11794,2026-04-12T06:30:00.000Z,2026-04-12 06:30:00,1.56,mg/l,BOD,Biochemical Oxygen Demand
11785,2026-04-12T06:30:00.000Z,2026-04-12 06:30:00,7.46,---,pH,pH
11783,2026-04-12T06:30:00.000Z,2026-04-12 06:30:00,451.15,mS/cm,EC,Conductivity
11788,2026-04-12T06:30:00.000Z,2026-04-12 06:30:00,282.96,m above MSL,S,Water Level
11821,2026-04-12T06:30:00.000Z,2026-04-12 06:30:00,9.47,mg/l,DO,Dissolved Oxygen
11809,2026-04-12T06:30:00.000Z,2026-04-12 06:30:00,8.14,mg/l,DO,Dissolved Oxygen
11816,2026-04-12T06:30:00.000Z,2026-04-12 06:30:00,8.63,---,pH,pH
11796,2026-04-12T06:30:00.000Z,2026-04-12 06:30:00,8.31,---,pH,pH
11785,2026-04-12T06:30:00.000Z,2026-04-12 06:30:00,0.3,mg/l,NO3,Nitrate
11800,2026-04-12T06:30:00.000Z,2026-04-12 06:30:00,2.77,mg/l,BOD,Biochemical Oxygen Demand
11790,2026-04-12T06:30:00.000Z,2026-04-12 06:30:00,4.62,mg/l,NO3,Nitrate
11802,2026-04-12T06:30:00.000Z,2026-04-12 06:30:00,101.12,m above MSL,S,Water Level
11821,2026-04-12T06:30:00.000Z,2026-04-12 06:30:00,5.0,mg/l,COD,Chemical Oxygen Demand
11809,2026-04-12T06:30:00.000Z,2026-04-12 06:30:00,12.89,mg/l,COD,Chemical Oxygen Demand
11798,2026-04-12T06:30:00.000Z,2026-04-12 06:30:00,0.91,m,Depth,Depth
11790,2026-04-12T06:30:00.000Z,2026-04-12 06:30:00,455.2,mS/cm,EC,Conductivity
11783,2026-04-12T06:30:00.000Z,2026-04-12 06:30:00,9.37,mg/l,DO,Dissolved Oxygen
11793,2026-04-12T06:30:00.000Z,2026-04-12 06:30:00,52.71,NTU,WTb,Water Turbidity
11784,2026-04-12T06:30:00.000Z,2026-04-12 06:30:00,48.31,mg/l,CL,Chloride
11785,2026-04-12T06:30:00.000Z,2026-04-12 06:30:00,179.9,mS/cm,EC,Conductivity
11791,2022-07-05T10:30:00.000Z,2022-07-05 10:30:00,222.95,m above MSL,S,Water Level
11783,2026-04-12T06:30:00.000Z,2026-04-12 06:30:00,11.45,mg/l,COD,Chemical Oxygen Demand
11793,2026-04-12T06:30:00.000Z,2026-04-12 06:30:00,26.61,°C,WT,Water Temperature
11821,2026-04-12T06:30:00.000Z,2026-04-12 06:30:00,0.5,mg/l,BOD,Biochemical Oxygen Demand
11809,2026-04-12T06:30:00.000Z,2026-04-12 06:30:00,35.92,m above MSL,S,Water Level
11809,2026-04-12T06:30:00.000Z,2026-04-12 06:30:00,2.74,mg/l,BOD,Biochemical Oxygen Demand
11816,2026-04-12T06:30:00.000Z,2026-04-12 06:30:00,0.3,mg/l,NO3,Nitrate
11796,2026-04-12T06:30:00.000Z,2026-04-12 06:30:00,1.95,mg/l,NO3,Nitrate
11811,2026-04-12T06:30:00.000Z,2026-04-12 06:30:00,8.34,---,pH,pH
11805,2026-04-12T06:30:00.000Z,2026-04-12 06:30:00,8.38,---,pH,pH
11816,2026-04-12T06:30:00.000Z,2026-04-12 06:30:00,383.55,mS/cm,EC,Conductivity
11796,2026-04-12T06:30:00.000Z,2026-04-12 06:30:00,502.2,mS/cm,EC,Conductivity
11785,2026-04-12T06:30:00.000Z,2026-04-12 06:30:00,10.16,mg/l,DO,Dissolved Oxygen
11799,2026-04-12T06:30:00.000Z,2026-04-12 06:30:00,3.76,NTU,WTb,Water Turbidity
11790,2026-04-12T06:30:00.000Z,2026-04-12 06:30:00,3.47,mg/l,DO,Dissolved Oxygen
11808,2026-04-12T06:30:00.000Z,2026-04-12 06:30:00,74.11,mg/l,CL,Chloride
11799,2026-04-12T06:30:00.000Z,2026-04-12 06:30:00,27.19,°C,WT,Water Temperature
11790,2026-04-12T06:30:00.000Z,2026-04-12 06:30:00,20.4,mg/l,COD,Chemical Oxygen Demand
11811,2026-04-12T06:30:00.000Z,2026-04-12 06:30:00,0.3,mg/l,NO3,Nitrate
11805,2026-04-12T06:30:00.000Z,2026-04-12 06:30:00,0.3,mg/l,NO3,Nitrate
11796,2026-04-12T06:30:00.000Z,2026-04-12 06:30:00,0.88,m,Depth,Depth
11783,2026-04-12T06:30:00.000Z,2026-04-12 06:30:00,2.54,mg/l,BOD,Biochemical Oxygen Demand
11806,2026-04-12T06:30:00.000Z,2026-04-12 06:30:00,43.61,m above MSL,S,Water Level
11808,2026-04-12T06:30:00.000Z,2026-04-12 06:30:00,0.8,m,Depth,Depth
11793,2026-04-12T06:30:00.000Z,2026-04-12 06:30:00,11.97,mg/l,TOC,Total Organic Carbon
11785,2026-04-12T06:30:00.000Z,2026-04-12 06:30:00,5.0,mg/l,COD,Chemical Oxygen Demand
11817,2026-04-12T05:30:00.000Z,2026-04-12 05:30:00,3.96,m,Depth,Depth
11805,2026-04-12T06:30:00.000Z,2026-04-12 06:30:00,54.48,mg/l,CL,Chloride
11820,2026-04-12T06:30:00.000Z,2026-04-12 06:30:00,15.35,NTU,WTb,Water Turbidity
11808,2026-04-12T06:30:00.000Z,2026-04-12 06:30:00,28.92,NTU,WTb,Water Turbidity
11816,2026-04-12T06:30:00.000Z,2026-04-12 06:30:00,8.4,mg/l,DO,Dissolved Oxygen
11796,2026-04-12T06:30:00.000Z,2026-04-12 06:30:00,8.06,mg/l,DO,Dissolved Oxygen
11811,2026-04-12T06:30:00.000Z,2026-04-12 06:30:00,306.42,mS/cm,EC,Conductivity
11805,2026-04-12T06:30:00.000Z,2026-04-12 06:30:00,567.11,mS/cm,EC,Conductivity
11811,2026-04-12T06:30:00.000Z,2026-04-12 06:30:00,11.53,mg/l,CL,Chloride
11816,2026-04-12T06:30:00.000Z,2026-04-12 06:30:00,7.12,mg/l,COD,Chemical Oxygen Demand
11796,2026-04-12T06:30:00.000Z,2026-04-12 06:30:00,10.58,mg/l,COD,Chemical Oxygen Demand
11785,2026-04-12T06:30:00.000Z,2026-04-12 06:30:00,0.5,mg/l,BOD,Biochemical Oxygen Demand
11799,2026-04-12T06:30:00.000Z,2026-04-12 06:30:00,11.45,mg/l,TOC,Total Organic Carbon
11790,2026-04-12T06:30:00.000Z,2026-04-12 06:30:00,5.39,mg/l,BOD,Biochemical Oxygen Demand
11820,2026-04-12T06:30:00.000Z,2026-04-12 06:30:00,30.63,°C,WT,Water Temperature
11785,2026-04-12T06:30:00.000Z,2026-04-12 06:30:00,602.14,m above MSL,S,Water Level
11808,2026-04-12T06:30:00.000Z,2026-04-12 06:30:00,28.7,°C,WT,Water Temperature
11789,2026-04-12T06:30:00.000Z,2026-04-12 06:30:00,0.86,m,Depth,Depth
11811,2026-04-12T06:30:00.000Z,2026-04-12 06:30:00,7.43,mg/l,DO,Dissolved Oxygen
11805,2026-04-12T06:30:00.000Z,2026-04-12 06:30:00,8.62,mg/l,DO,Dissolved Oxygen
11803,2026-04-12T06:30:00.000Z,2026-04-12 06:30:00,7.78,mg/l,DO,Dissolved Oxygen
11793,2026-04-12T06:30:00.000Z,2026-04-12 06:30:00,0.87,m,Depth,Depth
11812,2026-04-12T06:30:00.000Z,2026-04-12 06:30:00,133.88,m above MSL,S,Water Level
11803,2026-04-12T06:30:00.000Z,2026-04-12 06:30:00,33.76,mg/l,COD,Chemical Oxygen Demand
11793,2026-04-12T06:30:00.000Z,2026-04-12 06:30:00,7.39,---,pH,pH
11820,2026-04-12T06:30:00.000Z,2026-04-12 06:30:00,4.66,mg/l,TOC,Total Organic Carbon
11808,2026-04-12T06:30:00.000Z,2026-04-12 06:30:00,4.31,mg/l,TOC,Total Organic Carbon
11816,2026-04-12T06:30:00.000Z,2026-04-12 06:30:00,1.29,mg/l,BOD,Biochemical Oxygen Demand
11796,2026-04-12T06:30:00.000Z,2026-04-12 06:30:00,2.46,mg/l,BOD,Biochemical Oxygen Demand
11811,2026-04-12T06:30:00.000Z,2026-04-12 06:30:00,13.35,mg/l,COD,Chemical Oxygen Demand
11805,2026-04-12T06:30:00.000Z,2026-04-12 06:30:00,11.63,mg/l,COD,Chemical Oxygen Demand
11822,2026-04-12T06:30:00.000Z,2026-04-12 06:30:00,58.52,NTU,WTb,Water Turbidity
11788,2026-04-12T06:30:00.000Z,2026-04-12 06:30:00,43.6,NTU,WTb,Water Turbidity
11814,2026-04-12T06:30:00.000Z,2026-04-12 06:30:00,12.14,mg/l,COD,Chemical Oxygen Demand
11818,2026-04-12T06:30:00.000Z,2026-04-12 06:30:00,28.94,mg/l,COD,Chemical Oxygen Demand
11787,2026-04-12T05:30:00.000Z,2026-04-12 05:30:00,0.5,mg/l,BOD,Biochemical Oxygen Demand
11819,2026-04-12T06:30:00.000Z,2026-04-12 06:30:00,3.98,mg/l,BOD,Biochemical Oxygen Demand
11817,2026-04-12T05:30:00.000Z,2026-04-12 05:30:00,4.74,mg/l,TOC,Total Organic Carbon
11816,2026-04-12T06:30:00.000Z,2026-04-12 06:30:00,8.83,m above MSL,S,Water Level
11797,2026-04-12T06:30:00.000Z,2026-04-12 06:30:00,7.81,mg/l,TOC,Total Organic Carbon
11795,2026-04-12T06:30:00.000Z,2026-04-12 06:30:00,0.77,m,Depth,Depth
11812,2026-04-12T06:30:00.000Z,2026-04-12 06:30:00,28.05,°C,WT,Water Temperature
11806,2026-04-12T06:30:00.000Z,2026-04-12 06:30:00,27.58,°C,WT,Water Temperature
11804,2026-04-12T06:30:00.000Z,2026-04-12 06:30:00,1.32,m,Depth,Depth
11801,2026-04-12T06:30:00.000Z,2026-04-12 06:30:00,7.57,mg/l,DO,Dissolved Oxygen
11801,2026-04-12T06:30:00.000Z,2026-04-12 06:30:00,15.65,mg/l,COD,Chemical Oxygen Demand
11791,2022-07-05T10:30:00.000Z,2022-07-05 10:30:00,7.14,---,pH,pH
11815,2026-04-12T06:30:00.000Z,2026-04-12 06:30:00,41.27,mg/l,CL,Chloride
11803,2026-04-12T06:30:00.000Z,2026-04-12 06:30:00,170.84,m above MSL,S,Water Level
11812,2026-04-12T06:30:00.000Z,2026-04-12 06:30:00,3.38,mg/l,TOC,Total Organic Carbon
11807,2026-04-12T06:30:00.000Z,2026-04-12 06:30:00,0.79,m,Depth,Depth
11806,2026-04-12T06:30:00.000Z,2026-04-12 06:30:00,18.82,mg/l,TOC,Total Organic Carbon
11814,2026-04-12T06:30:00.000Z,2026-04-12 06:30:00,2.7,mg/l,BOD,Biochemical Oxygen Demand
11818,2026-04-12T06:30:00.000Z,2026-04-12 06:30:00,7.23,mg/l,BOD,Biochemical Oxygen Demand
11786,2026-04-12T06:30:00.000Z,2026-04-12 06:30:00,11.58,NTU,WTb,Water Turbidity
11802,2026-04-12T06:30:00.000Z,2026-04-12 06:30:00,86.66,mg/l,CL,Chloride
11810,2026-04-12T06:30:00.000Z,2026-04-12 06:30:00,6.77,mg/l,DO,Dissolved Oxygen
11810,2026-04-12T06:30:00.000Z,2026-04-12 06:30:00,0.54,m,Depth,Depth
11817,2026-04-12T05:30:00.000Z,2026-04-12 05:30:00,8.29,---,pH,pH
11797,2026-04-12T06:30:00.000Z,2026-04-12 06:30:00,8.16,---,pH,pH
11786,2026-04-12T06:30:00.000Z,2026-04-12 06:30:00,0.3,mg/l,NO3,Nitrate
11800,2026-04-12T06:30:00.000Z,2026-04-12 06:30:00,104.96,mg/l,CL,Chloride
11801,2026-04-12T06:30:00.000Z,2026-04-12 06:30:00,3.6,mg/l,BOD,Biochemical Oxygen Demand
11791,2022-07-05T10:30:00.000Z,2022-07-05 10:30:00,50.0,mg/l,NO3,Nitrate
11786,2026-04-12T06:30:00.000Z,2026-04-12 06:30:00,16.39,°C,WT,Water Temperature
11810,2026-04-12T06:30:00.000Z,2026-04-12 06:30:00,11.27,mg/l,COD,Chemical Oxygen Demand
11791,2022-07-05T10:30:00.000Z,2022-07-05 10:30:00,930.9,mS/cm,EC,Conductivity
11801,2026-04-12T06:30:00.000Z,2026-04-12 06:30:00,100.62,m above MSL,S,Water Level
11815,2026-04-12T06:30:00.000Z,2026-04-12 06:30:00,2.11,m,Depth,Depth
11803,2026-04-12T06:30:00.000Z,2026-04-12 06:30:00,76.13,NTU,WTb,Water Turbidity
11794,2026-04-12T06:30:00.000Z,2026-04-12 06:30:00,46.49,NTU,WTb,Water Turbidity
11786,2026-04-12T06:30:00.000Z,2026-04-12 06:30:00,152.8,mS/cm,EC,Conductivity
11795,2026-04-12T06:30:00.000Z,2026-04-12 06:30:00,90.74,m above MSL,S,Water Level
11803,2026-04-12T06:30:00.000Z,2026-04-12 06:30:00,25.72,°C,WT,Water Temperature
11794,2026-04-12T06:30:00.000Z,2026-04-12 06:30:00,23.36,°C,WT,Water Temperature
11786,2026-04-12T06:30:00.000Z,2026-04-12 06:30:00,1.0,mg/l,TOC,Total Organic Carbon
11810,2026-04-12T06:30:00.000Z,2026-04-12 06:30:00,2.42,mg/l,BOD,Biochemical Oxygen Demand
11817,2026-04-12T05:30:00.000Z,2026-04-12 05:30:00,0.3,mg/l,NO3,Nitrate
11797,2026-04-12T06:30:00.000Z,2026-04-12 06:30:00,2.57,mg/l,NO3,Nitrate
11812,2026-04-12T06:30:00.000Z,2026-04-12 06:30:00,8.22,---,pH,pH
11797,2026-04-12T06:30:00.000Z,2026-04-12 06:30:00,63.44,mg/l,CL,Chloride
11806,2026-04-12T06:30:00.000Z,2026-04-12 06:30:00,8.02,---,pH,pH
11817,2026-04-12T05:30:00.000Z,2026-04-12 05:30:00,425.6,mS/cm,EC,Conductivity
11797,2026-04-12T06:30:00.000Z,2026-04-12 06:30:00,656.8,mS/cm,EC,Conductivity
11786,2026-04-12T06:30:00.000Z,2026-04-12 06:30:00,9.33,mg/l,DO,Dissolved Oxygen
11800,2026-04-12T06:30:00.000Z,2026-04-12 06:30:00,64.65,NTU,WTb,Water Turbidity
11791,2022-07-05T10:30:00.000Z,2022-07-05 10:30:00,0.2,mg/l,DO,Dissolved Oxygen
11798,2026-04-12T06:30:00.000Z,2026-04-12 06:30:00,62.11,m above MSL,S,Water Level
11786,2026-04-12T06:30:00.000Z,2026-04-12 06:30:00,8.19,---,pH,pH
11800,2026-04-12T06:30:00.000Z,2026-04-12 06:30:00,27.67,°C,WT,Water Temperature
11791,2022-07-05T10:30:00.000Z,2022-07-05 10:30:00,259.54,mg/l,COD,Chemical Oxygen Demand
11812,2026-04-12T06:30:00.000Z,2026-04-12 06:30:00,0.3,mg/l,NO3,Nitrate
11806,2026-04-12T06:30:00.000Z,2026-04-12 06:30:00,0.3,mg/l,NO3,Nitrate
11803,2026-04-12T06:30:00.000Z,2026-04-12 06:30:00,16.88,mg/l,TOC,Total Organic Carbon
11794,2026-04-12T06:30:00.000Z,2026-04-12 06:30:00,2.26,mg/l,TOC,Total Organic Carbon
11786,2026-04-12T06:30:00.000Z,2026-04-12 06:30:00,5.0,mg/l,COD,Chemical Oxygen Demand
11789,2026-04-12T06:30:00.000Z,2026-04-12 06:30:00,207.02,m above MSL,S,Water Level
11821,2026-04-12T06:30:00.000Z,2026-04-12 06:30:00,12.26,NTU,WTb,Water Turbidity
11809,2026-04-12T06:30:00.000Z,2026-04-12 06:30:00,50.88,NTU,WTb,Water Turbidity
11809,2026-04-12T06:30:00.000Z,2026-04-12 06:30:00,0.83,m,Depth,Depth
11817,2026-04-12T05:30:00.000Z,2026-04-12 05:30:00,8.71,mg/l,DO,Dissolved Oxygen
11797,2026-04-12T06:30:00.000Z,2026-04-12 06:30:00,8.44,mg/l,DO,Dissolved Oxygen
11812,2026-04-12T06:30:00.000Z,2026-04-12 06:30:00,639.8,mS/cm,EC,Conductivity
11806,2026-04-12T06:30:00.000Z,2026-04-12 06:30:00,955.4,mS/cm,EC,Conductivity
11817,2026-04-12T05:30:00.000Z,2026-04-12 05:30:00,9.7,mg/l,COD,Chemical Oxygen Demand
11797,2026-04-12T06:30:00.000Z,2026-04-12 06:30:00,15.43,mg/l,COD,Chemical Oxygen Demand
11786,2026-04-12T06:30:00.000Z,2026-04-12 06:30:00,0.5,mg/l,BOD,Biochemical Oxygen Demand
11813,2026-04-12T06:30:00.000Z,2026-04-12 06:30:00,36.57,m above MSL,S,Water Level
11800,2026-04-12T06:30:00.000Z,2026-04-12 06:30:00,5.55,mg/l,TOC,Total Organic Carbon
11791,2022-07-05T10:30:00.000Z,2022-07-05 10:30:00,72.49,mg/l,BOD,Biochemical Oxygen Demand
11821,2026-04-12T06:30:00.000Z,2026-04-12 06:30:00,21.83,°C,WT,Water Temperature
11809,2026-04-12T06:30:00.000Z,2026-04-12 06:30:00,27.61,°C,WT,Water Temperature
11800,2026-04-12T06:30:00.000Z,2026-04-12 06:30:00,0.8,m,Depth,Depth
11812,2026-04-12T06:30:00.000Z,2026-04-12 06:30:00,7.22,mg/l,DO,Dissolved Oxygen
11806,2026-04-12T06:30:00.000Z,2026-04-12 06:30:00,0.2,mg/l,DO,Dissolved Oxygen
11812,2026-04-12T06:30:00.000Z,2026-04-12 06:30:00,163.53,mg/l,CL,Chloride
11803,2026-04-12T06:30:00.000Z,2026-04-12 06:30:00,7.88,---,pH,pH
11794,2026-04-12T06:30:00.000Z,2026-04-12 06:30:00,7.75,---,pH,pH
11821,2026-04-12T06:30:00.000Z,2026-04-12 06:30:00,1.0,mg/l,TOC,Total Organic Carbon
11809,2026-04-12T06:30:00.000Z,2026-04-12 06:30:00,6.28,mg/l,TOC,Total Organic Carbon
11817,2026-04-12T05:30:00.000Z,2026-04-12 05:30:00,2.38,mg/l,BOD,Biochemical Oxygen Demand
11797,2026-04-12T06:30:00.000Z,2026-04-12 06:30:00,3.14,mg/l,BOD,Biochemical Oxygen Demand
11822,2026-04-12T06:30:00.000Z,2026-04-12 06:30:00,28.07,mg/l,CL,Chloride
11812,2026-04-12T06:30:00.000Z,2026-04-12 06:30:00,6.78,mg/l,COD,Chemical Oxygen Demand
11806,2026-04-12T06:30:00.000Z,2026-04-12 06:30:00,37.64,mg/l,COD,Chemical Oxygen Demand
11785,2026-04-12T06:30:00.000Z,2026-04-12 06:30:00,5.31,NTU,WTb,Water Turbidity
11791,2022-07-05T10:30:00.000Z,2022-07-05 10:30:00,0.0,mg/l,CL,Chloride
11790,2026-04-12T06:30:00.000Z,2026-04-12 06:30:00,43.73,NTU,WTb,Water Turbidity
11783,2026-04-12T06:30:00.000Z,2026-04-12 06:30:00,67.73,m above MSL,S,Water Level
11800,2026-04-12T06:30:00.000Z,2026-04-12 06:30:00,8.69,---,pH,pH
11790,2026-04-12T06:30:00.000Z,2026-04-12 06:30:00,22.81,°C,WT,Water Temperature
11812,2026-04-12T06:30:00.000Z,2026-04-12 06:30:00,1.23,mg/l,BOD,Biochemical Oxygen Demand
11784,2026-04-12T06:30:00.000Z,2026-04-12 06:30:00,0.91,m,Depth,Depth
11819,2026-04-12T06:30:00.000Z,2026-04-12 06:30:00,38.06,mg/l,CL,Chloride
11806,2026-04-12T06:30:00.000Z,2026-04-12 06:30:00,10.32,mg/l,BOD,Biochemical Oxygen Demand
11803,2026-04-12T06:30:00.000Z,2026-04-12 06:30:00,5.89,mg/l,NO3,Nitrate
11794,2026-04-12T06:30:00.000Z,2026-04-12 06:30:00,0.3,mg/l,NO3,Nitrate
11785,2026-04-12T06:30:00.000Z,2026-04-12 06:30:00,16.89,°C,WT,Water Temperature
11803,2026-04-12T06:30:00.000Z,2026-04-12 06:30:00,496.75,mS/cm,EC,Conductivity
11794,2026-04-12T06:30:00.000Z,2026-04-12 06:30:00,257.6,mS/cm,EC,Conductivity
11816,2026-04-12T06:30:00.000Z,2026-04-12 06:30:00,231.73,NTU,WTb,Water Turbidity
11796,2026-04-12T06:30:00.000Z,2026-04-12 06:30:00,44.34,NTU,WTb,Water Turbidity
11802,2026-04-12T06:30:00.000Z,2026-04-12 06:30:00,16.51,mg/l,COD,Chemical Oxygen Demand
11792,2022-10-04T07:30:00.000Z,2022-10-04 07:30:00,0.0,---,pH,pH
11813,2026-04-12T06:30:00.000Z,2026-04-12 06:30:00,5.32,mg/l,TOC,Total Organic Carbon
11807,2026-04-12T06:30:00.000Z,2026-04-12 06:30:00,5.11,mg/l,TOC,Total Organic Carbon
11815,2026-04-12T06:30:00.000Z,2026-04-12 06:30:00,1.86,mg/l,BOD,Biochemical Oxygen Demand
11795,2026-04-12T06:30:00.000Z,2026-04-12 06:30:00,1.42,mg/l,BOD,Biochemical Oxygen Demand
11789,2026-04-12T06:30:00.000Z,2026-04-12 06:30:00,20.81,°C,WT,Water Temperature
11801,2026-04-12T06:30:00.000Z,2026-04-12 06:30:00,91.09,mg/l,CL,Chloride
11804,2026-04-12T06:30:00.000Z,2026-04-12 06:30:00,11.42,mg/l,COD,Chemical Oxygen Demand
11819,2026-04-12T06:30:00.000Z,2026-04-12 06:30:00,48.79,NTU,WTb,Water Turbidity
11787,2026-04-12T05:30:00.000Z,2026-04-12 05:30:00,3.99,NTU,WTb,Water Turbidity
11786,2026-04-12T06:30:00.000Z,2026-04-12 06:30:00,641.32,m above MSL,S,Water Level
11784,2026-04-12T06:30:00.000Z,2026-04-12 06:30:00,7.51,mg/l,DO,Dissolved Oxygen
11804,2026-04-12T06:30:00.000Z,2026-04-12 06:30:00,57.09,m above MSL,S,Water Level
11784,2026-04-12T06:30:00.000Z,2026-04-12 06:30:00,6.41,mg/l,COD,Chemical Oxygen Demand
11788,2026-04-12T06:30:00.000Z,2026-04-12 06:30:00,0.72,m,Depth,Depth
11798,2026-04-12T06:30:00.000Z,2026-04-12 06:30:00,8.36,---,pH,pH
11789,2026-04-12T06:30:00.000Z,2026-04-12 06:30:00,4.76,mg/l,TOC,Total Organic Carbon
11804,2026-04-12T06:30:00.000Z,2026-04-12 06:30:00,2.83,mg/l,BOD,Biochemical Oxygen Demand
11802,2026-04-12T06:30:00.000Z,2026-04-12 06:30:00,3.3,mg/l,BOD,Biochemical Oxygen Demand
11792,2022-10-04T07:30:00.000Z,2022-10-04 07:30:00,0.0,mg/l,NO3,Nitrate
11819,2026-04-12T06:30:00.000Z,2026-04-12 06:30:00,27.2,°C,WT,Water Temperature
11787,2026-04-12T05:30:00.000Z,2026-04-12 05:30:00,24.59,°C,WT,Water Temperature
11792,2022-10-04T07:30:00.000Z,2022-10-04 07:30:00,0.0,mS/cm,EC,Conductivity
11814,2026-04-12T06:30:00.000Z,2026-04-12 06:30:00,2.23,NTU,WTb,Water Turbidity
11818,2026-04-12T06:30:00.000Z,2026-04-12 06:30:00,50.52,NTU,WTb,Water Turbidity
11814,2026-04-12T06:30:00.000Z,2026-04-12 06:30:00,27.32,°C,WT,Water Temperature
11818,2026-04-12T06:30:00.000Z,2026-04-12 06:30:00,23.26,°C,WT,Water Temperature
11819,2026-04-12T06:30:00.000Z,2026-04-12 06:30:00,9.95,mg/l,TOC,Total Organic Carbon
11787,2026-04-12T05:30:00.000Z,2026-04-12 05:30:00,1.0,mg/l,TOC,Total Organic Carbon
11784,2026-04-12T06:30:00.000Z,2026-04-12 06:30:00,1.49,mg/l,BOD,Biochemical Oxygen Demand
11798,2026-04-12T06:30:00.000Z,2026-04-12 06:30:00,2.52,mg/l,NO3,Nitrate
11813,2026-04-12T06:30:00.000Z,2026-04-12 06:30:00,8.48,---,pH,pH
11810,2026-04-12T06:30:00.000Z,2026-04-12 06:30:00,64.49,m above MSL,S,Water Level
11807,2026-04-12T06:30:00.000Z,2026-04-12 06:30:00,8.42,---,pH,pH
11809,2026-04-12T06:30:00.000Z,2026-04-12 06:30:00,12.49,mg/l,CL,Chloride
11798,2026-04-12T06:30:00.000Z,2026-04-12 06:30:00,632.8,mS/cm,EC,Conductivity
11801,2026-04-12T06:30:00.000Z,2026-04-12 06:30:00,50.54,NTU,WTb,Water Turbidity
11792,2022-10-04T07:30:00.000Z,2022-10-04 07:30:00,0.0,mg/l,DO,Dissolved Oxygen
11801,2026-04-12T06:30:00.000Z,2026-04-12 06:30:00,28.07,°C,WT,Water Temperature
11792,2022-10-04T07:30:00.000Z,2022-10-04 07:30:00,-999.0,mg/l,COD,Chemical Oxygen Demand
11801,2026-04-12T06:30:00.000Z,2026-04-12 06:30:00,1.0,m,Depth,Depth
11813,2026-04-12T06:30:00.000Z,2026-04-12 06:30:00,0.3,mg/l,NO3,Nitrate
11807,2026-04-12T06:30:00.000Z,2026-04-12 06:30:00,0.32,mg/l,NO3,Nitrate
11814,2026-04-12T06:30:00.000Z,2026-04-12 06:30:00,5.4,mg/l,TOC,Total Organic Carbon
11806,2026-04-12T06:30:00.000Z,2026-04-12 06:30:00,145.27,mg/l,CL,Chloride
11818,2026-04-12T06:30:00.000Z,2026-04-12 06:30:00,14.47,mg/l,TOC,Total Organic Carbon
11789,2026-04-12T06:30:00.000Z,2026-04-12 06:30:00,6.51,---,pH,pH
11807,2026-04-12T06:30:00.000Z,2026-04-12 06:30:00,51.3,m above MSL,S,Water Level
11783,2026-04-12T06:30:00.000Z,2026-04-12 06:30:00,9.19,NTU,WTb,Water Turbidity
11798,2026-04-12T06:30:00.000Z,2026-04-12 06:30:00,8.2,mg/l,DO,Dissolved Oxygen
11813,2026-04-12T06:30:00.000Z,2026-04-12 06:30:00,620.32,mS/cm,EC,Conductivity
11807,2026-04-12T06:30:00.000Z,2026-04-12 06:30:00,562.66,mS/cm,EC,Conductivity
11783,2026-04-12T06:30:00.000Z,2026-04-12 06:30:00,27.14,°C,WT,Water Temperature
11821,2026-04-12T06:30:00.000Z,2026-04-12 06:30:00,0.63,m,Depth,Depth
11798,2026-04-12T06:30:00.000Z,2026-04-12 06:30:00,15.64,mg/l,COD,Chemical Oxygen Demand
11789,2026-04-12T06:30:00.000Z,2026-04-12 06:30:00,4.71,mg/l,NO3,Nitrate
11783,2026-04-12T06:30:00.000Z,2026-04-12 06:30:00,71.92,mg/l,CL,Chloride
11801,2026-04-12T06:30:00.000Z,2026-04-12 06:30:00,8.03,mg/l,TOC,Total Organic Carbon
11813,2026-04-12T06:30:00.000Z,2026-04-12 06:30:00,0.68,m,Depth,Depth
11792,2022-10-04T07:30:00.000Z,2022-10-04 07:30:00,0.0,mg/l,BOD,Biochemical Oxygen Demand
11787,2026-04-12T05:30:00.000Z,2026-04-12 05:30:00,8.41,---,pH,pH
11819,2026-04-12T06:30:00.000Z,2026-04-12 06:30:00,8.59,---,pH,pH
11784,2026-04-12T06:30:00.000Z,2026-04-12 06:30:00,308.51,m above MSL,S,Water Level
11796,2026-04-12T06:30:00.000Z,2026-04-12 06:30:00,93.49,m above MSL,S,Water Level
11813,2026-04-12T06:30:00.000Z,2026-04-12 06:30:00,7.63,mg/l,DO,Dissolved Oxygen
11807,2026-04-12T06:30:00.000Z,2026-04-12 06:30:00,11.08,mg/l,DO,Dissolved Oxygen
11789,2026-04-12T06:30:00.000Z,2026-04-12 06:30:00,526.4,mS/cm,EC,Conductivity
11814,2026-04-12T06:30:00.000Z,2026-04-12 06:30:00,8.63,---,pH,pH
11818,2026-04-12T06:30:00.000Z,2026-04-12 06:30:00,8.06,---,pH,pH
11787,2026-04-12T05:30:00.000Z,2026-04-12 05:30:00,0.3,mg/l,NO3,Nitrate
11819,2026-04-12T06:30:00.000Z,2026-04-12 06:30:00,0.3,mg/l,NO3,Nitrate
11789,2026-04-12T06:30:00.000Z,2026-04-12 06:30:00,47.27,mg/l,CL,Chloride
11783,2026-04-12T06:30:00.000Z,2026-04-12 06:30:00,5.09,mg/l,TOC,Total Organic Carbon
11798,2026-04-12T06:30:00.000Z,2026-04-12 06:30:00,3.18,mg/l,BOD,Biochemical Oxygen Demand
11813,2026-04-12T06:30:00.000Z,2026-04-12 06:30:00,11.28,mg/l,COD,Chemical Oxygen Demand
11807,2026-04-12T06:30:00.000Z,2026-04-12 06:30:00,11.5,mg/l,COD,Chemical Oxygen Demand
11783,2026-04-12T06:30:00.000Z,2026-04-12 06:30:00,8.34,---,pH,pH
11797,2026-04-12T06:30:00.000Z,2026-04-12 06:30:00,0.82,m,Depth,Depth
11789,2026-04-12T06:30:00.000Z,2026-04-12 06:30:00,0.2,mg/l,DO,Dissolved Oxygen
11791,2022-07-05T10:30:00.000Z,2022-07-05 10:30:00,139.0,NTU,WTb,Water Turbidity
11788,2026-04-12T06:30:00.000Z,2026-04-12 06:30:00,5.0,mg/l,CL,Chloride
11787,2026-04-12T05:30:00.000Z,2026-04-12 05:30:00,1.0,mS/cm,EC,Conductivity
11819,2026-04-12T06:30:00.000Z,2026-04-12 06:30:00,558.73,mS/cm,EC,Conductivity
11801,2026-04-12T06:30:00.000Z,2026-04-12 06:30:00,8.63,---,pH,pH
11791,2022-07-05T10:30:00.000Z,2022-07-05 10:30:00,37.56,°C,WT,Water Temperature
11799,2026-04-12T06:30:00.000Z,2026-04-12 06:30:00,79.78,m above MSL,S,Water Level
11813,2026-04-12T06:30:00.000Z,2026-04-12 06:30:00,2.66,mg/l,BOD,Biochemical Oxygen Demand
11816,2026-04-12T06:30:00.000Z,2026-04-12 06:30:00,0.58,m,Depth,Depth
11790,2026-04-12T06:30:00.000Z,2026-04-12 06:30:00,206.12,m above MSL,S,Water Level
11807,2026-04-12T06:30:00.000Z,2026-04-12 06:30:00,2.55,mg/l,BOD,Biochemical Oxygen Demand
11814,2026-04-12T06:30:00.000Z,2026-04-12 06:30:00,0.3,mg/l,NO3,Nitrate
11819,2026-04-12T06:30:00.000Z,2026-04-12 06:30:00,0.83,m,Depth,Depth
11818,2026-04-12T06:30:00.000Z,2026-04-12 06:30:00,10.08,mg/l,NO3,Nitrate
11789,2026-04-12T06:30:00.000Z,2026-04-12 06:30:00,10.71,mg/l,COD,Chemical Oxygen Demand
11814,2026-04-12T06:30:00.000Z,2026-04-12 06:30:00,482.6,mS/cm,EC,Conductivity
11818,2026-04-12T06:30:00.000Z,2026-04-12 06:30:00,553.19,mS/cm,EC,Conductivity
11798,2026-04-12T06:30:00.000Z,2026-04-12 06:30:00,70.32,mg/l,CL,Chloride
11787,2026-04-12T05:30:00.000Z,2026-04-12 05:30:00,9.2,mg/l,DO,Dissolved Oxygen
11819,2026-04-12T06:30:00.000Z,2026-04-12 06:30:00,11.56,mg/l,DO,Dissolved Oxygen
11817,2026-04-12T05:30:00.000Z,2026-04-12 05:30:00,22.19,NTU,WTb,Water Turbidity
11797,2026-04-12T06:30:00.000Z,2026-04-12 06:30:00,22.61,NTU,WTb,Water Turbidity
11817,2026-04-12T05:30:00.000Z,2026-04-12 05:30:00,22.14,°C,WT,Water Temperature
11797,2026-04-12T06:30:00.000Z,2026-04-12 06:30:00,26.93,°C,WT,Water Temperature
11789,2026-04-12T06:30:00.000Z,2026-04-12 06:30:00,2.38,mg/l,BOD,Biochemical Oxygen Demand
11801,2026-04-12T06:30:00.000Z,2026-04-12 06:30:00,3.93,mg/l,NO3,Nitrate
11791,2022-07-05T10:30:00.000Z,2022-07-05 10:30:00,108.74,mg/l,TOC,Total Organic Carbon
11816,2026-04-12T06:30:00.000Z,2026-04-12 06:30:00,49.38,mg/l,CL,Chloride
11787,2026-04-12T05:30:00.000Z,2026-04-12 05:30:00,5.0,mg/l,COD,Chemical Oxygen Demand
11803,2026-04-12T06:30:00.000Z,2026-04-12 06:30:00,33.07,mg/l,CL,Chloride
11793,2026-04-12T06:30:00.000Z,2026-04-12 06:30:00,162.25,m above MSL,S,Water Level
11819,2026-04-12T06:30:00.000Z,2026-04-12 06:30:00,16.91,mg/l,COD,Chemical Oxygen Demand
11801,2026-04-12T06:30:00.000Z,2026-04-12 06:30:00,1022.1,mS/cm,EC,Conductivity
11812,2026-04-12T06:30:00.000Z,2026-04-12 06:30:00,7.63,NTU,WTb,Water Turbidity
11783,2026-04-12T06:30:00.000Z,2026-04-12 06:30:00,2.08,m,Depth,Depth
11806,2026-04-12T06:30:00.000Z,2026-04-12 06:30:00,28.05,NTU,WTb,Water Turbidity
11811,2026-04-12T06:30:00.000Z,2026-04-12 06:30:00,0.88,m,Depth,Depth
11814,2026-04-12T06:30:00.000Z,2026-04-12 06:30:00,130.87,m above MSL,S,Water Level
11814,2026-04-12T06:30:00.000Z,2026-04-12 06:30:00,8.71,mg/l,DO,Dissolved Oxygen
11818,2026-04-12T06:30:00.000Z,2026-04-12 06:30:00,13.18,mg/l,DO,Dissolved Oxygen
11795,2026-04-12T06:30:00.000Z,2026-04-12 06:30:00,200.0,mg/l,CL,Chloride
